xof 0303txt 0032

template AnimTicksPerSecond {
  <9E415A43-7BA6-4a73-8743-B73D47E88476>
  DWORD AnimTicksPerSecond;
}

template XSkinMeshHeader {
  <3cf169ce-ff7c-44ab-93c0-f78f62d172e2>
  WORD nMaxSkinWeightsPerVertex;
  WORD nMaxSkinWeightsPerFace;
  WORD nBones;
}

template SkinWeights {
  <6f0d123b-bad2-4167-a0d0-80224f25fabb>
  STRING transformNodeName;
  DWORD nWeights;
  array DWORD vertexIndices[nWeights];
  array float weights[nWeights];
  Matrix4x4 matrixOffset;
}

Frame Root {
  FrameTransformMatrix {
     1.000000, 0.000000, 0.000000, 0.000000,
     0.000000,-0.000000, 1.000000, 0.000000,
     0.000000, 1.000000, 0.000000, 0.000000,
     0.000000, 0.000000, 0.000000, 1.000000;;
  }
  Frame Wolf_Skeleton {
    FrameTransformMatrix {
       1.000000, 0.000000, 0.000000, 0.000000,
       0.000000, 1.000000, 0.000000, 0.000000,
       0.000000, 0.000000, 1.000000, 0.000000,
       0.000000, 0.000000, 0.000000, 1.000000;;
    }
    Frame Wolf_Skeleton_root {
      FrameTransformMatrix {
         1.000000, 0.000000, 0.000000, 0.000000,
         0.000000, 0.000000, 1.000000, 0.000000,
         0.000000,-1.000000, 0.000000, 0.000000,
         0.000000, 0.000000, 0.000000, 1.000000;;
      }
      Frame Wolf_Skeleton_Becken {
        FrameTransformMatrix {
           1.000000, 0.000000, 0.000000, 0.000000,
          -0.000000,-0.187896, 0.982189, 0.000000,
           0.000000,-0.982189,-0.187896, 0.000000,
          -0.000000, 0.405722,-0.211570, 1.000000;;
        }
        Frame Wolf_Skeleton_Bauch {
          FrameTransformMatrix {
             1.000000,-0.000000, 0.000000, 0.000000,
             0.000000, 0.975896,-0.218236, 0.000000,
            -0.000000, 0.218236, 0.975896, 0.000000,
             0.000000, 0.094042,-0.035591, 1.000000;;
          }
          Frame Wolf_Skeleton_Bauch_001 {
            FrameTransformMatrix {
               1.000000, 0.000000, 0.000000, 0.000000,
               0.000000, 0.999152,-0.041168, 0.000000,
              -0.000000, 0.041168, 0.999152, 0.000000,
               0.000000, 0.108190, 0.000000, 1.000000;;
            }
            Frame Wolf_Skeleton_Brust {
              FrameTransformMatrix {
                 1.000000,-0.000000,-0.000000, 0.000000,
                 0.000000, 0.961342,-0.275355, 0.000000,
                 0.000000, 0.275355, 0.961342, 0.000000,
                -0.000000, 0.106983,-0.000001, 1.000000;;
              }
              Frame Wolf_Skeleton_Bauch_003 {
                FrameTransformMatrix {
                   1.000000, 0.000000, 0.000000, 0.000000,
                  -0.000000,-0.739396, 0.673271, 0.000000,
                  -0.000000,-0.673271,-0.739396, 0.000000,
                  -0.000000, 0.127686,-0.060796, 1.000000;;
                }
                Frame Wolf_Skeleton_Schalterplatte_L {
                  FrameTransformMatrix {
                     0.879416,-0.475491, 0.023136, 0.000000,
                     0.200880, 0.326586,-0.923574, 0.000000,
                     0.431596, 0.816853, 0.382721, 0.000000,
                     0.038208, 0.089257,-0.000000, 1.000000;;
                  }
                  Frame Wolf_Skeleton_Oberarm_L {
                    FrameTransformMatrix {
                       0.886005, 0.204201, 0.416289, 0.000000,
                      -0.461788, 0.307672, 0.831919, 0.000000,
                       0.041798,-0.929322, 0.366897, 0.000000,
                      -0.000000, 0.141863, 0.000000, 1.000000;;
                    }
                    Frame Wolf_Skeleton_Unterarm_L {
                      FrameTransformMatrix {
                         0.999954,-0.008105, 0.005158, 0.000000,
                         0.009553, 0.781887,-0.623346, 0.000000,
                         0.001019, 0.623367, 0.781929, 0.000000,
                         0.000000, 0.202823, 0.000000, 1.000000;;
                      }
                      Frame Wolf_Skeleton_Vorderpfote_L {
                        FrameTransformMatrix {
                           0.999715, 0.015221, 0.018390, 0.000000,
                           0.015449, 0.174770,-0.984488, 0.000000,
                          -0.018199, 0.984492, 0.174485, 0.000000,
                           0.000000, 0.170595,-0.000000, 1.000000;;
                        }
                      } // End of Wolf_Skeleton_Vorderpfote_L
                    } // End of Wolf_Skeleton_Unterarm_L
                  } // End of Wolf_Skeleton_Oberarm_L
                } // End of Wolf_Skeleton_Schalterplatte_L
                Frame Wolf_Skeleton_Schalterplatte_R {
                  FrameTransformMatrix {
                     0.879622, 0.475070,-0.023962, 0.000000,
                    -0.201554, 0.326612,-0.923418, 0.000000,
                    -0.430862, 0.817088, 0.383047, 0.000000,
                    -0.038208, 0.089257,-0.000000, 1.000000;;
                  }
                  Frame Wolf_Skeleton_Oberarm_R {
                    FrameTransformMatrix {
                       0.886141,-0.204511,-0.415847, 0.000000,
                       0.461491, 0.307755, 0.832054, 0.000000,
                      -0.042185,-0.929227, 0.367094, 0.000000,
                       0.000000, 0.141863, 0.000000, 1.000000;;
                    }
                    Frame Wolf_Skeleton_Unterarm_R {
                      FrameTransformMatrix {
                         0.999958, 0.007768,-0.004715, 0.000000,
                        -0.009013, 0.781907,-0.623329, 0.000000,
                        -0.001156, 0.623347, 0.781945, 0.000000,
                        -0.000000, 0.202823, 0.000000, 1.000000;;
                      }
                      Frame Wolf_Skeleton_Vorderpfote_R {
                        FrameTransformMatrix {
                           0.995883,-0.085328,-0.030616, 0.000000,
                          -0.015290, 0.174783,-0.984488, 0.000000,
                           0.089355, 0.980903, 0.172758, 0.000000,
                          -0.000000, 0.170594,-0.000000, 1.000000;;
                        }
                      } // End of Wolf_Skeleton_Vorderpfote_R
                    } // End of Wolf_Skeleton_Unterarm_R
                  } // End of Wolf_Skeleton_Oberarm_R
                } // End of Wolf_Skeleton_Schalterplatte_R
              } // End of Wolf_Skeleton_Bauch_003
              Frame Wolf_Skeleton_Hals {
                FrameTransformMatrix {
                   1.000000,-0.000000, 0.000000, 0.000000,
                   0.000000, 0.683563,-0.729891, 0.000000,
                   0.000000, 0.729891, 0.683563, 0.000000,
                   0.000000, 0.125802, 0.060796, 1.000000;;
                }
                Frame Wolf_Skeleton_Kopf_002 {
                  FrameTransformMatrix {
                     1.000000, 0.000074, 0.000112, 0.000000,
                     0.000043,-0.966598, 0.256296, 0.000000,
                     0.000128,-0.256296,-0.966597, 0.000000,
                    -0.000003, 0.175259, 0.026518, 1.000000;;
                  }
                  Frame Wolf_Skeleton_Kopf {
                    FrameTransformMatrix {
                       0.999999,-0.001567, 0.000401, 0.000000,
                      -0.000249,-0.394390,-0.918943, 0.000000,
                       0.001599, 0.918942,-0.394390, 0.000000,
                      -0.000000, 0.101578,-0.000000, 1.000000;;
                    }
                    Frame Wolf_Skeleton_Braun_O_L {
                      FrameTransformMatrix {
                        -0.215071,-0.841500, 0.495603, 0.000000,
                        -0.651370, 0.501714, 0.569209, 0.000000,
                        -0.727641,-0.200400,-0.656033, 0.000000,
                         0.037061, 0.098019,-0.032925, 1.000000;;
                      }
                    } // End of Wolf_Skeleton_Braun_O_L
                    Frame Wolf_Skeleton_Braun_O_R {
                      FrameTransformMatrix {
                        -0.213066, 0.841607,-0.496287, 0.000000,
                         0.649797, 0.501390, 0.571289, 0.000000,
                         0.729635,-0.200763,-0.653703, 0.000000,
                        -0.036907, 0.098037,-0.033043, 1.000000;;
                      }
                    } // End of Wolf_Skeleton_Braun_O_R
                    Frame Wolf_Skeleton_Mauloben {
                      FrameTransformMatrix {
                         0.999999,-0.000249, 0.001599, 0.000000,
                        -0.000551, 0.876500, 0.481402, 0.000000,
                        -0.001521,-0.481403, 0.876499, 0.000000,
                        -0.000041, 0.091015, 0.040036, 1.000000;;
                      }
                    } // End of Wolf_Skeleton_Mauloben
                    Frame Wolf_Skeleton_MundW_L {
                      FrameTransformMatrix {
                        -0.905607,-0.423680, 0.019249, 0.000000,
                        -0.397753, 0.864190, 0.308168, 0.000000,
                        -0.147200, 0.271423,-0.951137, 0.000000,
                         0.036185, 0.067305, 0.037514, 1.000000;;
                      }
                    } // End of Wolf_Skeleton_MundW_L
                    Frame Wolf_Skeleton_MundW_R {
                      FrameTransformMatrix {
                        -0.905321, 0.424151,-0.022127, 0.000000,
                         0.397220, 0.863982, 0.309436, 0.000000,
                         0.150365, 0.271350,-0.950663, 0.000000,
                        -0.036271, 0.067324, 0.037398, 1.000000;;
                      }
                    } // End of Wolf_Skeleton_MundW_R
                    Frame Wolf_Skeleton_Ohr_L {
                      FrameTransformMatrix {
                         0.965171, 0.082899, 0.248138, 0.000000,
                         0.155699, 0.580205,-0.799450, 0.000000,
                        -0.210245, 0.810241, 0.547089, 0.000000,
                         0.036601, 0.064078,-0.068932, 1.000000;;
                      }
                    } // End of Wolf_Skeleton_Ohr_L
                    Frame Wolf_Skeleton_Ohr_R {
                      FrameTransformMatrix {
                         0.965918,-0.083380,-0.245051, 0.000000,
                        -0.152853, 0.580281,-0.799944, 0.000000,
                         0.208898, 0.810136, 0.547759, 0.000000,
                        -0.036349, 0.064096,-0.069048, 1.000000;;
                      }
                    } // End of Wolf_Skeleton_Ohr_R
                    Frame Wolf_Skeleton_Unterkiefer {
                      FrameTransformMatrix {
                         0.998833, 0.033649,-0.034647, 0.000000,
                         0.019858, 0.367795, 0.929695, 0.000000,
                         0.044026,-0.929298, 0.366697, 0.000000,
                        -0.000456, 0.063705, 0.040607, 1.000000;;
                      }
                      Frame Wolf_Skeleton_Hals_fett {
                        FrameTransformMatrix {
                           0.998768, 0.021253, 0.044844, 0.000000,
                          -0.049424, 0.507202, 0.860409, 0.000000,
                          -0.004459,-0.861565, 0.507627, 0.000000,
                          -0.000772, 0.029982, 0.012065, 1.000000;;
                        }
                      } // End of Wolf_Skeleton_Hals_fett
                      Frame Wolf_Skeleton_Maulunten {
                        FrameTransformMatrix {
                           0.998768, 0.021253, 0.044844, 0.000000,
                           0.011697, 0.777377,-0.628926, 0.000000,
                          -0.048227, 0.628676, 0.776170, 0.000000,
                           0.000772, 0.008319,-0.012065, 1.000000;;
                        }
                      } // End of Wolf_Skeleton_Maulunten
                    } // End of Wolf_Skeleton_Unterkiefer
                    Frame Wolf_Skeleton_aug_lied_O_L {
                      FrameTransformMatrix {
                        -0.470102,-0.879511, 0.073917, 0.000000,
                        -0.815561, 0.464881, 0.344594, 0.000000,
                        -0.337437, 0.101710,-0.935837, 0.000000,
                         0.032715, 0.103889,-0.016081, 1.000000;;
                      }
                    } // End of Wolf_Skeleton_aug_lied_O_L
                    Frame Wolf_Skeleton_aug_lied_O_R {
                      FrameTransformMatrix {
                        -0.469424, 0.879745,-0.075419, 0.000000,
                         0.814687, 0.464475, 0.347200, 0.000000,
                         0.340478, 0.101541,-0.934754, 0.000000,
                        -0.032611, 0.103905,-0.016185, 1.000000;;
                      }
                    } // End of Wolf_Skeleton_aug_lied_O_R
                    Frame Wolf_Skeleton_aug_lied_U_L {
                      FrameTransformMatrix {
                        -0.319275,-0.896294, 0.307768, 0.000000,
                        -0.760605, 0.436086, 0.480945, 0.000000,
                        -0.565281,-0.080536,-0.820957, 0.000000,
                         0.033129, 0.102192,-0.013383, 1.000000;;
                      }
                    } // End of Wolf_Skeleton_aug_lied_U_L
                    Frame Wolf_Skeleton_aug_lied_U_R {
                      FrameTransformMatrix {
                        -0.317842, 0.896453,-0.308786, 0.000000,
                         0.759281, 0.435707, 0.483375, 0.000000,
                         0.567863,-0.080819,-0.819146, 0.000000,
                        -0.033035, 0.102208,-0.013489, 1.000000;;
                      }
                    } // End of Wolf_Skeleton_aug_lied_U_R
                  } // End of Wolf_Skeleton_Kopf
                } // End of Wolf_Skeleton_Kopf_002
              } // End of Wolf_Skeleton_Hals
            } // End of Wolf_Skeleton_Brust
          } // End of Wolf_Skeleton_Bauch_001
        } // End of Wolf_Skeleton_Bauch
        Frame Wolf_Skeleton_Oberschenkel_L {
          FrameTransformMatrix {
             0.991533, 0.068987,-0.110011, 0.000000,
             0.088429, 0.261661, 0.961101, 0.000000,
             0.095089,-0.962691, 0.253345, 0.000000,
             0.058370, 0.054300, 0.011532, 1.000000;;
          }
          Frame Wolf_Skeleton_Unterschenkel_L {
            FrameTransformMatrix {
               0.988238, 0.094348, 0.120347, 0.000000,
              -0.148249, 0.784131, 0.602628, 0.000000,
              -0.037511,-0.613382, 0.788895, 0.000000,
               0.000000, 0.168644,-0.000000, 1.000000;;
            }
            Frame Wolf_Skeleton_Pfote1_L {
              FrameTransformMatrix {
                 0.991593,-0.125363,-0.032050, 0.000000,
                 0.087484, 0.832025,-0.547797, 0.000000,
                 0.095340, 0.540388, 0.835997, 0.000000,
                -0.000000, 0.119090, 0.000000, 1.000000;;
              }
              Frame Wolf_Skeleton_Pfote2_L {
                FrameTransformMatrix {
                   0.996765, 0.037759, 0.070947, 0.000000,
                   0.071167,-0.004516,-0.997454, 0.000000,
                  -0.037343, 0.999276,-0.007189, 0.000000,
                   0.000000, 0.098762,-0.000000, 1.000000;;
                }
              } // End of Wolf_Skeleton_Pfote2_L
            } // End of Wolf_Skeleton_Pfote1_L
          } // End of Wolf_Skeleton_Unterschenkel_L
        } // End of Wolf_Skeleton_Oberschenkel_L
        Frame Wolf_Skeleton_Oberschenkel_R {
          FrameTransformMatrix {
             0.991529,-0.068973, 0.110061, 0.000000,
            -0.088417, 0.262315, 0.960924, 0.000000,
            -0.095148,-0.962514, 0.253994, 0.000000,
            -0.058370, 0.054300, 0.011532, 1.000000;;
          }
          Frame Wolf_Skeleton_Unterschenkel_R {
            FrameTransformMatrix {
               0.988238,-0.094362,-0.120342, 0.000000,
               0.148278, 0.783800, 0.603051, 0.000000,
               0.037419,-0.613802, 0.788572, 0.000000,
              -0.000000, 0.168645,-0.000000, 1.000000;;
            }
            Frame Wolf_Skeleton_Pfote1_R {
              FrameTransformMatrix {
                 0.991598, 0.125317, 0.032080, 0.000000,
                -0.087566, 0.832807,-0.546593, 0.000000,
                -0.095214, 0.539192, 0.836784, 0.000000,
                -0.000000, 0.119090, 0.000000, 1.000000;;
              }
              Frame Wolf_Skeleton_Pfote2_R {
                FrameTransformMatrix {
                  -0.995786, 0.037959, 0.083479, 0.000000,
                  -0.083695,-0.004156,-0.996483, 0.000000,
                  -0.037479,-0.999271, 0.007316, 0.000000,
                  -0.000000, 0.098763, 0.000000, 1.000000;;
                }
              } // End of Wolf_Skeleton_Pfote2_R
            } // End of Wolf_Skeleton_Pfote1_R
          } // End of Wolf_Skeleton_Unterschenkel_R
        } // End of Wolf_Skeleton_Oberschenkel_R
        Frame Wolf_Skeleton_Schwanz {
          FrameTransformMatrix {
             1.000000,-0.000048,-0.000245, 0.000000,
             0.000201,-0.429321, 0.903152, 0.000000,
            -0.000148,-0.903152,-0.429323, 0.000000,
             0.000000,-0.009624, 0.005584, 1.000000;;
          }
          Frame Wolf_Skeleton_Schwanz_001 {
            FrameTransformMatrix {
               1.000000, 0.000067,-0.000050, 0.000000,
              -0.000076, 0.980212,-0.197948, 0.000000,
               0.000035, 0.197948, 0.980212, 0.000000,
               0.000000, 0.091043,-0.000000, 1.000000;;
            }
            Frame Wolf_Skeleton_Schwanz_002 {
              FrameTransformMatrix {
                 1.000000, 0.000076,-0.000035, 0.000000,
                -0.000074, 0.999277, 0.038021, 0.000000,
                 0.000038,-0.038021, 0.999277, 0.000000,
                -0.000000, 0.078557,-0.000000, 1.000000;;
              }
              Frame Wolf_Skeleton_Schwanz_003 {
                FrameTransformMatrix {
                   1.000000, 0.000074,-0.000038, 0.000000,
                  -0.000079, 0.989344,-0.145598, 0.000000,
                   0.000027, 0.145598, 0.989344, 0.000000,
                  -0.000000, 0.083503, 0.000000, 1.000000;;
                }
              } // End of Wolf_Skeleton_Schwanz_003
            } // End of Wolf_Skeleton_Schwanz_002
          } // End of Wolf_Skeleton_Schwanz_001
        } // End of Wolf_Skeleton_Schwanz
      } // End of Wolf_Skeleton_Becken
    } // End of Wolf_Skeleton_root
    Frame Wolf_obj_body_004 {
      FrameTransformMatrix {
         1.000000, 0.000000, 0.000000, 0.000000,
         0.000000, 1.000000, 0.000000, 0.000000,
         0.000000, 0.000000, 1.000000, 0.000000,
        -0.000000,-0.175072, 0.337724, 1.000000;;
      }
      Mesh { // Wolf_obj_body_004 mesh
        8268;
         0.088781;-0.045138;-0.328734;,
         0.082029;-0.056191;-0.335853;,
         0.088755;-0.044706;-0.335862;,
         0.074330;-0.062572;-0.335853;,
         0.082542;-0.054763;-0.326786;,
         0.074254;-0.062147;-0.323090;,
         0.080130;-0.047605;-0.316938;,
         0.088781;-0.045138;-0.328734;,
         0.086893;-0.042202;-0.319936;,
         0.074254;-0.062147;-0.323090;,
         0.080130;-0.047605;-0.316938;,
         0.073757;-0.054160;-0.312173;,
         0.086893;-0.042202;-0.319936;,
         0.078771;-0.022516;-0.313160;,
         0.080130;-0.047605;-0.316938;,
         0.071706;-0.028089;-0.309281;,
         0.080130;-0.047605;-0.316938;,
         0.078771;-0.022516;-0.313160;,
         0.058609;-0.054471;-0.327224;,
         0.057366;-0.042100;-0.335853;,
         0.058609;-0.054370;-0.335853;,
         0.058609;-0.054471;-0.327224;,
         0.066785;-0.058197;-0.335853;,
         0.066461;-0.057753;-0.326713;,
         0.065832;-0.026180;-0.313724;,
         0.057203;-0.040346;-0.322590;,
         0.064120;-0.050575;-0.315612;,
         0.071706;-0.028089;-0.309281;,
         0.064120;-0.050575;-0.315612;,
         0.073757;-0.054160;-0.312173;,
         0.073757;-0.054160;-0.312173;,
         0.066461;-0.057753;-0.326713;,
         0.074254;-0.062147;-0.323090;,
         0.066461;-0.057753;-0.326713;,
         0.074330;-0.062572;-0.335853;,
         0.074254;-0.062147;-0.323090;,
         0.045617;-0.187488; 0.176692;,
         0.055373;-0.161873; 0.161712;,
         0.049185;-0.179790; 0.188342;,
         0.052633;-0.167552; 0.197953;,
         0.042024;-0.182075; 0.200359;,
         0.049185;-0.179790; 0.188342;,
         0.049185;-0.179790; 0.188342;,
         0.036562;-0.199856; 0.193276;,
         0.045617;-0.187488; 0.176692;,
         0.042260;-0.155937; 0.235117;,
         0.053487;-0.152723; 0.218389;,
         0.040590;-0.144367; 0.226927;,
         0.051453;-0.161814; 0.230371;,
         0.044410;-0.166337; 0.240025;,
         0.048156;-0.168211; 0.238099;,
         0.042260;-0.155937; 0.235117;,
         0.037629;-0.166614; 0.239099;,
         0.044410;-0.166337; 0.240025;,
         0.026786;-0.154781; 0.229716;,
         0.042260;-0.155937; 0.235117;,
         0.040590;-0.144367; 0.226927;,
         0.029717;-0.172060; 0.233254;,
         0.037629;-0.166614; 0.239099;,
         0.032316;-0.161608; 0.235551;,
         0.024593;-0.171931; 0.225505;,
         0.032316;-0.161608; 0.235551;,
         0.026786;-0.154781; 0.229716;,
         0.052775;-0.169180; 0.227106;,
         0.050441;-0.168229; 0.214736;,
         0.054074;-0.168316; 0.214470;,
         0.054074;-0.168316; 0.214470;,
         0.042851;-0.169006; 0.204381;,
         0.052633;-0.167552; 0.197953;,
         0.048637;-0.171789; 0.236723;,
         0.050332;-0.168974; 0.227360;,
         0.052775;-0.169180; 0.227106;,
         0.037709;-0.172868; 0.239286;,
         0.032932;-0.171953; 0.231648;,
         0.039512;-0.172679; 0.238007;,
         0.029717;-0.172060; 0.233254;,
         0.029693;-0.171970; 0.222966;,
         0.032932;-0.171953; 0.231648;,
         0.024593;-0.171931; 0.225505;,
         0.029248;-0.172453; 0.213098;,
         0.029693;-0.171970; 0.222966;,
         0.045436;-0.171948; 0.240209;,
         0.046616;-0.171872; 0.235867;,
         0.048637;-0.171789; 0.236723;,
         0.045436;-0.171948; 0.240209;,
         0.039512;-0.172679; 0.238007;,
         0.044145;-0.172341; 0.238343;,
         0.050332;-0.168974; 0.227360;,
         0.046052;-0.164095; 0.217020;,
         0.050441;-0.168229; 0.214736;,
         0.050441;-0.168229; 0.214736;,
         0.041407;-0.165626; 0.208776;,
         0.042851;-0.169006; 0.204381;,
         0.050332;-0.168974; 0.227360;,
         0.041387;-0.165382; 0.231487;,
         0.045303;-0.163097; 0.226239;,
         0.032932;-0.171953; 0.231648;,
         0.041387;-0.165382; 0.231487;,
         0.039512;-0.172679; 0.238007;,
         0.029693;-0.171970; 0.222966;,
         0.034808;-0.164674; 0.228764;,
         0.032932;-0.171953; 0.231648;,
         0.029693;-0.171970; 0.222966;,
         0.032959;-0.166590; 0.213415;,
         0.033139;-0.165804; 0.222099;,
         0.042851;-0.169006; 0.204381;,
         0.032959;-0.166590; 0.213415;,
         0.029248;-0.172453; 0.213098;,
         0.046052;-0.164095; 0.217020;,
         0.041826;-0.154236; 0.222595;,
         0.040269;-0.153782; 0.213538;,
         0.041407;-0.165626; 0.208776;,
         0.040269;-0.153782; 0.213538;,
         0.037864;-0.153189; 0.208340;,
         0.045303;-0.163097; 0.226239;,
         0.040441;-0.155303; 0.226085;,
         0.041826;-0.154236; 0.222595;,
         0.034808;-0.164674; 0.228764;,
         0.040441;-0.155303; 0.226085;,
         0.041387;-0.165382; 0.231487;,
         0.033139;-0.165804; 0.222099;,
         0.037713;-0.154257; 0.223707;,
         0.034808;-0.164674; 0.228764;,
         0.032959;-0.166590; 0.213415;,
         0.034697;-0.154113; 0.215907;,
         0.033139;-0.165804; 0.222099;,
         0.041407;-0.165626; 0.208776;,
         0.033670;-0.153713; 0.210793;,
         0.032959;-0.166590; 0.213415;,
         0.040441;-0.155303; 0.226085;,
         0.037713;-0.154257; 0.223707;,
         0.041826;-0.154236; 0.222595;,
         0.041826;-0.154236; 0.222595;,
         0.034697;-0.154113; 0.215907;,
         0.040269;-0.153782; 0.213538;,
         0.057531; 0.377551;-0.163316;,
         0.058580; 0.404251;-0.214210;,
         0.049788; 0.362627;-0.170124;,
         0.049788; 0.362627;-0.170124;,
         0.057960; 0.384891;-0.219543;,
         0.051425; 0.344266;-0.179053;,
         0.072186; 0.376377;-0.162485;,
         0.079564; 0.398534;-0.215707;,
         0.072598; 0.409375;-0.212766;,
         0.057531; 0.377551;-0.163316;,
         0.072598; 0.409375;-0.212766;,
         0.062925; 0.409250;-0.212840;,
         0.072598; 0.409375;-0.212766;,
         0.067863; 0.403690;-0.287725;,
         0.062925; 0.409250;-0.212840;,
         0.079564; 0.398534;-0.215707;,
         0.077599; 0.402561;-0.288475;,
         0.072598; 0.409375;-0.212766;,
         0.057960; 0.384891;-0.219543;,
         0.060426; 0.398762;-0.286102;,
         0.060151; 0.386785;-0.285188;,
         0.062925; 0.409250;-0.212840;,
         0.060426; 0.398762;-0.286102;,
         0.058580; 0.404251;-0.214210;,
         0.034206; 0.018538;-0.100484;,
         0.041509; 0.003485;-0.160460;,
         0.031520;-0.007468;-0.097679;,
         0.091239; 0.036237;-0.105328;,
         0.084674; 0.004162;-0.158522;,
         0.084893; 0.031906;-0.156772;,
         0.013925; 0.333210;-0.076433;,
         0.000000; 0.384632;-0.041009;,
         0.024277; 0.394917;-0.052174;,
         0.012526; 0.692929; 0.021083;,
         0.000000; 0.601784; 0.030000;,
         0.023512; 0.600029; 0.017247;,
         0.023512; 0.600029; 0.017247;,
         0.000000; 0.533821; 0.041750;,
         0.025274; 0.526612; 0.028475;,
         0.021271; 0.498587;-0.016396;,
         0.000000; 0.586131;-0.038358;,
         0.017833; 0.590004;-0.027913;,
         0.017833; 0.590004;-0.027913;,
         0.000000; 0.700528;-0.006132;,
         0.009277; 0.699027;-0.000254;,
         0.000000; 0.700528;-0.006132;,
         0.000000; 0.737107; 0.034147;,
         0.009277; 0.699027;-0.000254;,
         0.012526; 0.692929; 0.021083;,
         0.000000; 0.737107; 0.034147;,
         0.000000; 0.690268; 0.025191;,
         0.000000; 0.461067; 0.054693;,
         0.025274; 0.526612; 0.028475;,
         0.000000; 0.533821; 0.041750;,
         0.016559; 0.437506; 0.007898;,
         0.000000; 0.492680;-0.027871;,
         0.021271; 0.498587;-0.016396;,
         0.000000; 0.461067; 0.054693;,
         0.015594; 0.418161; 0.055830;,
         0.021431; 0.455581; 0.043895;,
         0.016559; 0.437506; 0.007898;,
         0.000000; 0.410234; 0.019027;,
         0.000000; 0.432044;-0.003553;,
         0.000000; 0.419939; 0.063904;,
         0.014303; 0.393560; 0.066727;,
         0.015594; 0.418161; 0.055830;,
         0.013606; 0.412862; 0.027208;,
         0.000000; 0.405828; 0.019280;,
         0.000000; 0.410234; 0.019027;,
         0.069341; 0.336028; 0.050324;,
         0.066297; 0.387028;-0.014124;,
         0.057468; 0.388295; 0.037520;,
         0.073328; 0.260844; 0.032802;,
         0.066452; 0.236900;-0.001298;,
         0.082202; 0.247512;-0.001258;,
         0.066452; 0.236900;-0.001298;,
         0.065481; 0.176083; 0.045626;,
         0.057012; 0.171213;-0.012108;,
         0.013925; 0.333210;-0.076433;,
         0.049740; 0.380821;-0.122193;,
         0.034999; 0.344134;-0.128223;,
         0.013925; 0.333210;-0.076433;,
         0.041930; 0.306579;-0.134586;,
         0.019332; 0.278991;-0.066404;,
         0.091737; 0.322806;-0.072983;,
         0.073149; 0.376667;-0.119960;,
         0.068238; 0.385022;-0.061592;,
         0.015150; 0.337200; 0.089410;,
         0.000000; 0.395996; 0.072990;,
         0.000000; 0.336390; 0.095882;,
         0.035722; 0.337791; 0.075718;,
         0.057468; 0.388295; 0.037520;,
         0.026737; 0.389975; 0.056333;,
         0.060131;-0.001412;-0.229875;,
         0.071754;-0.001960;-0.261030;,
         0.072420; 0.001160;-0.229146;,
         0.070974; 0.035423;-0.264496;,
         0.057312; 0.039882;-0.230967;,
         0.071001; 0.041876;-0.230313;,
         0.057783; 0.002576;-0.262567;,
         0.060131;-0.001412;-0.229875;,
         0.056273; 0.006521;-0.229972;,
         0.053791; 0.020953;-0.264852;,
         0.056273; 0.006521;-0.229972;,
         0.054444; 0.027548;-0.230547;,
         0.058780; 0.033696;-0.264943;,
         0.054444; 0.027548;-0.230547;,
         0.057312; 0.039882;-0.230967;,
         0.072420; 0.001160;-0.229146;,
         0.075913; 0.005330;-0.262301;,
         0.076945; 0.010191;-0.228661;,
         0.076945; 0.010191;-0.228661;,
         0.077272; 0.024323;-0.263566;,
         0.078392; 0.031582;-0.229174;,
         0.078392; 0.031582;-0.229174;,
         0.070974; 0.035423;-0.264496;,
         0.071001; 0.041876;-0.230313;,
         0.054546; 0.332471;-0.185000;,
         0.067750; 0.366535;-0.226417;,
         0.064752; 0.325085;-0.188604;,
         0.051425; 0.344266;-0.179053;,
         0.060427; 0.371657;-0.223899;,
         0.054546; 0.332471;-0.185000;,
         0.067750; 0.366535;-0.226417;,
         0.064324; 0.378653;-0.283789;,
         0.071008; 0.374705;-0.282199;,
         0.060427; 0.371657;-0.223899;,
         0.060151; 0.386785;-0.285188;,
         0.064324; 0.378653;-0.283789;,
         0.042012; 0.165133;-0.048563;,
         0.020107; 0.250178;-0.048444;,
         0.044041; 0.242498;-0.030319;,
         0.000000; 0.170821;-0.083486;,
         0.020107; 0.250178;-0.048444;,
         0.018391; 0.167820;-0.073598;,
         0.046348; 0.290892;-0.135951;,
         0.019332; 0.278991;-0.066404;,
         0.041930; 0.306579;-0.134586;,
         0.061557; 0.280740;-0.138355;,
         0.031926; 0.266953;-0.055384;,
         0.046348; 0.290892;-0.135951;,
         0.019332; 0.278991;-0.066404;,
         0.020107; 0.250178;-0.048444;,
         0.000000; 0.257961;-0.067824;,
         0.031926; 0.266953;-0.055384;,
         0.044041; 0.242498;-0.030319;,
         0.020107; 0.250178;-0.048444;,
         0.009277; 0.699027;-0.000254;,
         0.031054; 0.596451;-0.002730;,
         0.017833; 0.590004;-0.027913;,
         0.017833; 0.590004;-0.027913;,
         0.033791; 0.514515; 0.008698;,
         0.021271; 0.498587;-0.016396;,
         0.016691; 0.696446; 0.012140;,
         0.009277; 0.699027;-0.000254;,
         0.000000; 0.737107; 0.034147;,
         0.027050; 0.448961; 0.029271;,
         0.021271; 0.498587;-0.016396;,
         0.033791; 0.514515; 0.008698;,
         0.013606; 0.412862; 0.027208;,
         0.027050; 0.448961; 0.029271;,
         0.019581; 0.416613; 0.042907;,
         0.018890; 0.404993; 0.028348;,
         0.019581; 0.416613; 0.042907;,
         0.026737; 0.389975; 0.056333;,
         0.016691; 0.696446; 0.012140;,
         0.023512; 0.600029; 0.017247;,
         0.031054; 0.596451;-0.002730;,
         0.031054; 0.596451;-0.002730;,
         0.025274; 0.526612; 0.028475;,
         0.033791; 0.514515; 0.008698;,
         0.012526; 0.692929; 0.021083;,
         0.016691; 0.696446; 0.012140;,
         0.000000; 0.737107; 0.034147;,
         0.021431; 0.455581; 0.043895;,
         0.033791; 0.514515; 0.008698;,
         0.025274; 0.526612; 0.028475;,
         0.019581; 0.416613; 0.042907;,
         0.021431; 0.455581; 0.043895;,
         0.015594; 0.418161; 0.055830;,
         0.026737; 0.389975; 0.056333;,
         0.015594; 0.418161; 0.055830;,
         0.014303; 0.393560; 0.066727;,
         0.000000;-0.268851; 0.106107;,
         0.008532;-0.269090; 0.104681;,
         0.000000;-0.271446; 0.106020;,
         0.019760;-0.244373; 0.108090;,
         0.007275;-0.266071; 0.104752;,
         0.017391;-0.243937; 0.107231;,
         0.012139;-0.255438; 0.105024;,
         0.017767;-0.231799; 0.112413;,
         0.010785;-0.255809; 0.106120;,
         0.019719;-0.231060; 0.111332;,
         0.022184;-0.216600; 0.116319;,
         0.017767;-0.231799; 0.112413;,
         0.027296;-0.215634; 0.114636;,
         0.024945;-0.213157; 0.117457;,
         0.022184;-0.216600; 0.116319;,
         0.019760;-0.244373; 0.108090;,
         0.025208;-0.213477; 0.117728;,
         0.031221;-0.212200; 0.117665;,
         0.000000;-0.265787; 0.104762;,
         0.005610;-0.263930; 0.105373;,
         0.000000;-0.265356; 0.105168;,
         0.000000;-0.287060; 0.121681;,
         0.003399;-0.283430; 0.118569;,
         0.007644;-0.284031; 0.121776;,
         0.007644;-0.284031; 0.121776;,
         0.000000;-0.287045; 0.125499;,
         0.000000;-0.287060; 0.121681;,
         0.011706;-0.275549; 0.122026;,
         0.008010;-0.284145; 0.125658;,
         0.007644;-0.284031; 0.121776;,
         0.000000;-0.287045; 0.125499;,
         0.006970;-0.283455; 0.128898;,
         0.000000;-0.285783; 0.128208;,
         0.030618;-0.218256; 0.162714;,
         0.030758;-0.215264; 0.168563;,
         0.028129;-0.219610; 0.165633;,
         0.026104;-0.220510; 0.174410;,
         0.030327;-0.215640; 0.170097;,
         0.034999;-0.211948; 0.174112;,
         0.026104;-0.220510; 0.174410;,
         0.018737;-0.222701; 0.168088;,
         0.025711;-0.220401; 0.170551;,
         0.016643;-0.225017; 0.169215;,
         0.017564;-0.222920; 0.164797;,
         0.018737;-0.222701; 0.168088;,
         0.035406;-0.210734; 0.169477;,
         0.030327;-0.215640; 0.170097;,
         0.030758;-0.215264; 0.168563;,
         0.015229;-0.226464; 0.170849;,
         0.015375;-0.225198; 0.163725;,
         0.016643;-0.225017; 0.169215;,
         0.026104;-0.220510; 0.174410;,
         0.015229;-0.226464; 0.170849;,
         0.016643;-0.225017; 0.169215;,
         0.035406;-0.210734; 0.169477;,
         0.037407;-0.206289; 0.179461;,
         0.034999;-0.211948; 0.174112;,
         0.000000;-0.229258; 0.170873;,
         0.007748;-0.230341; 0.162774;,
         0.010585;-0.227893; 0.172988;,
         0.000000;-0.276952; 0.133973;,
         0.005596;-0.262092; 0.141844;,
         0.000000;-0.262170; 0.142020;,
         0.012405;-0.276029; 0.127331;,
         0.006970;-0.283455; 0.128898;,
         0.008010;-0.284145; 0.125658;,
         0.012405;-0.276029; 0.127331;,
         0.013256;-0.260275; 0.138603;,
         0.009866;-0.276544; 0.130920;,
         0.000000;-0.276952; 0.133973;,
         0.004015;-0.282264; 0.131018;,
         0.005222;-0.276998; 0.133574;,
         0.011706;-0.275549; 0.122026;,
         0.007911;-0.280054; 0.120541;,
         0.009508;-0.277939; 0.120683;,
         0.007644;-0.284031; 0.121776;,
         0.004776;-0.281255; 0.118643;,
         0.007911;-0.280054; 0.120541;,
         0.007133;-0.279738; 0.116125;,
         0.009508;-0.277939; 0.120683;,
         0.005901;-0.279583; 0.118920;,
         0.000000;-0.280876; 0.115450;,
         0.003399;-0.283430; 0.118569;,
         0.000000;-0.284611; 0.118477;,
         0.007911;-0.280054; 0.120541;,
         0.008884;-0.278082; 0.120560;,
         0.009508;-0.277939; 0.120683;,
         0.007911;-0.280054; 0.120541;,
         0.005283;-0.280822; 0.118966;,
         0.007513;-0.279847; 0.120417;,
         0.005901;-0.279583; 0.118920;,
         0.008884;-0.278082; 0.120560;,
         0.005983;-0.279481; 0.119098;,
         0.008884;-0.278082; 0.120560;,
         0.007513;-0.279847; 0.120417;,
         0.004490;-0.276796; 0.123251;,
         0.007513;-0.279847; 0.120417;,
         0.005283;-0.280822; 0.118966;,
         0.004490;-0.276796; 0.123251;,
         0.005983;-0.279481; 0.119098;,
         0.008884;-0.278082; 0.120560;,
         0.004490;-0.276796; 0.123251;,
         0.034999; 0.344134;-0.128223;,
         0.051425; 0.344266;-0.179053;,
         0.041930; 0.306579;-0.134586;,
         0.054546; 0.332471;-0.185000;,
         0.041930; 0.306579;-0.134586;,
         0.051425; 0.344266;-0.179053;,
         0.064752; 0.325085;-0.188604;,
         0.046348; 0.290892;-0.135951;,
         0.054546; 0.332471;-0.185000;,
         0.061513;-0.004005;-0.261118;,
         0.071221;-0.009281;-0.287340;,
         0.071754;-0.001960;-0.261030;,
         0.070974; 0.035423;-0.264496;,
         0.066274; 0.020570;-0.297245;,
         0.058780; 0.033696;-0.264943;,
         0.061123;-0.005031;-0.288387;,
         0.061513;-0.004005;-0.261118;,
         0.057783; 0.002576;-0.262567;,
         0.057843; 0.010211;-0.291766;,
         0.057783; 0.002576;-0.262567;,
         0.053791; 0.020953;-0.264852;,
         0.066274; 0.020570;-0.297245;,
         0.053791; 0.020953;-0.264852;,
         0.058780; 0.033696;-0.264943;,
         0.071754;-0.001960;-0.261030;,
         0.078041;-0.002672;-0.288112;,
         0.075913; 0.005330;-0.262301;,
         0.075913; 0.005330;-0.262301;,
         0.080867; 0.008981;-0.291089;,
         0.077272; 0.024323;-0.263566;,
         0.077272; 0.024323;-0.263566;,
         0.074970; 0.017621;-0.295190;,
         0.070974; 0.035423;-0.264496;,
         0.052442;-0.015647;-0.159111;,
         0.072420; 0.001160;-0.229146;,
         0.073804;-0.018661;-0.152242;,
         0.071001; 0.041876;-0.230313;,
         0.053901; 0.042180;-0.160189;,
         0.074120; 0.045101;-0.155453;,
         0.041509; 0.003485;-0.160460;,
         0.060131;-0.001412;-0.229875;,
         0.052442;-0.015647;-0.159111;,
         0.042322; 0.028024;-0.160427;,
         0.056273; 0.006521;-0.229972;,
         0.041509; 0.003485;-0.160460;,
         0.053901; 0.042180;-0.160189;,
         0.054444; 0.027548;-0.230547;,
         0.042322; 0.028024;-0.160427;,
         0.072420; 0.001160;-0.229146;,
         0.084674; 0.004162;-0.158522;,
         0.073804;-0.018661;-0.152242;,
         0.076945; 0.010191;-0.228661;,
         0.084893; 0.031906;-0.156772;,
         0.084674; 0.004162;-0.158522;,
         0.078392; 0.031582;-0.229174;,
         0.074120; 0.045101;-0.155453;,
         0.084893; 0.031906;-0.156772;,
         0.000000;-0.202916; 0.202833;,
         0.014232;-0.217203; 0.189617;,
         0.018197;-0.202211; 0.201098;,
         0.009866;-0.276544; 0.130920;,
         0.005596;-0.262092; 0.141844;,
         0.005222;-0.276998; 0.133574;,
         0.005222;-0.276998; 0.133574;,
         0.006970;-0.283455; 0.128898;,
         0.009866;-0.276544; 0.130920;,
         0.000000;-0.216456; 0.191967;,
         0.009314;-0.224730; 0.180019;,
         0.014232;-0.217203; 0.189617;,
         0.000000;-0.225416; 0.180628;,
         0.010585;-0.227893; 0.172988;,
         0.009314;-0.224730; 0.180019;,
         0.089736; 0.323343;-0.011863;,
         0.068238; 0.385022;-0.061592;,
         0.066297; 0.387028;-0.014124;,
         0.061737; 0.256130;-0.043237;,
         0.066452; 0.236900;-0.001298;,
         0.044041; 0.242498;-0.030319;,
         0.044041; 0.242498;-0.030319;,
         0.057012; 0.171213;-0.012108;,
         0.042012; 0.165133;-0.048563;,
         0.024277; 0.394917;-0.052174;,
         0.066297; 0.387028;-0.014124;,
         0.068238; 0.385022;-0.061592;,
         0.026693; 0.403135;-0.017845;,
         0.000000; 0.384632;-0.041009;,
         0.000000; 0.397211;-0.014397;,
         0.096291; 0.026639;-0.068893;,
         0.092065;-0.008466;-0.106702;,
         0.091239; 0.036237;-0.105328;,
         0.078731; 0.053146;-0.094983;,
         0.096291; 0.026639;-0.068893;,
         0.091239; 0.036237;-0.105328;,
         0.034201;-0.130096;-0.005848;,
         0.057948;-0.086390;-0.043777;,
         0.058819;-0.110098; 0.038708;,
         0.000000;-0.142226;-0.023238;,
         0.033238;-0.094362;-0.063049;,
         0.034201;-0.130096;-0.005848;,
         0.077647;-0.096711; 0.030484;,
         0.057948;-0.086390;-0.043777;,
         0.078934;-0.078607;-0.048147;,
         0.058819;-0.110098; 0.038708;,
         0.025805;-0.159684; 0.043900;,
         0.034201;-0.130096;-0.005848;,
         0.034201;-0.130096;-0.005848;,
         0.000000;-0.173662; 0.030361;,
         0.000000;-0.142226;-0.023238;,
         0.046062;-0.148396; 0.075482;,
         0.023386;-0.189953; 0.099393;,
         0.025805;-0.159684; 0.043900;,
         0.025805;-0.159684; 0.043900;,
         0.000000;-0.198249; 0.090389;,
         0.000000;-0.173662; 0.030361;,
