xof 0303txt 0032

AnimationSet AnimationSet_SSR06_Born2 {

 Animation Animation0 {
  { Frame1_AllPutting_2_Layer1 }
  AnimationKey {
   4;
   172;
   0;16;1.000000,0.000000,0.000000,0.000000,0.000000,1.000000,0.000000,0.000000,0.000000,0.000000,1.000000,0.000000,0.000000,0.000000,0.000000,1.000000;;,
   5;16;1.000000,0.000000,0.000000,0.000000,0.000000,1.000000,0.000000,0.000000,0.000000,0.000000,1.000000,0.000000,0.000000,0.000000,0.000000,1.000000;;,
   10;16;1.000000,0.000000,0.000000,0.000000,0.000000,1.000000,0.000000,0.000000,0.000000,0.000000,1.000000,0.000000,0.000000,-0.404515,0.000000,1.000000;;,
   50;16;1.000000,0.000000,0.000000,0.000000,0.000000,1.000000,0.000000,0.000000,0.000000,0.000000,1.000000,0.000000,0.000000,-1.221203,0.091000,1.000000;;,
   54;16;1.000000,0.000000,0.000000,0.000000,0.000000,1.000000,0.000000,0.000000,0.000000,0.000000,1.000000,0.000000,0.000000,-0.100000,0.094656,1.000000;;,
   60;16;1.000000,0.000000,0.000000,0.000000,0.000000,1.000000,0.000000,0.000000,0.000000,0.000000,1.000000,0.000000,0.000000,-0.480570,0.092828,1.000000;;,
   66;16;1.000000,0.000000,0.000000,0.000000,0.000000,1.000000,0.000000,0.000000,0.000000,0.000000,1.000000,0.000000,0.000000,-1.131187,0.091000,1.000000;;,
   70;16;1.000000,0.000000,0.000000,0.000000,0.000000,1.000000,0.000000,0.000000,0.000000,0.000000,1.000000,0.000000,0.000000,-0.100000,0.094656,1.000000;;,
   74;16;1.000000,0.000000,0.000000,0.000000,0.000000,1.000000,0.000000,0.000000,0.000000,0.000000,1.000000,0.000000,0.000000,-0.274780,0.093817,1.000000;;,
   78;16;1.000000,0.000000,0.000000,0.000000,0.000000,1.000000,0.000000,0.000000,0.000000,0.000000,1.000000,0.000000,0.000000,-0.608837,0.092212,1.000000;;,
   82;16;1.000000,0.000000,0.000000,0.000000,0.000000,1.000000,0.000000,0.000000,0.000000,0.000000,1.000000,0.000000,0.000000,-0.861141,0.091000,1.000000;;,
   100;16;1.000000,0.000000,0.000000,0.000000,0.000000,1.000000,0.000000,0.000000,0.000000,0.000000,1.000000,0.000000,0.000000,-0.861141,0.091000,1.000000;;,
   103;16;1.000000,0.000000,0.000000,0.000000,0.000000,1.000000,0.000000,0.000000,0.000000,0.000000,1.000000,0.000000,0.000000,-0.464554,0.091000,1.000000;;,
   107;16;1.000000,0.000000,0.000000,0.000000,0.000000,1.000000,0.000000,0.000000,0.000000,0.000000,1.000000,0.000000,0.000000,0.055252,0.091000,1.000000;;,
   108;16;1.000000,0.000000,0.000000,0.000000,0.000000,1.000000,0.000000,0.000000,0.000000,0.000000,1.000000,0.000000,0.000000,0.010640,0.091000,1.000000;;,
   112;16;1.000000,0.000000,0.000000,0.000000,0.000000,1.000000,0.000000,0.000000,0.000000,0.000000,1.000000,0.000000,0.000000,-0.503632,0.091000,1.000000;;,
   116;16;1.000000,0.000000,0.000000,0.000000,0.000000,1.000000,0.000000,0.000000,0.000000,0.000000,1.000000,0.000000,0.000000,-0.861141,0.091000,1.000000;;,
   120;16;1.000000,0.000000,0.000000,0.000000,0.000000,1.000000,0.000000,0.000000,0.000000,0.000000,1.000000,0.000000,0.000000,-0.400506,0.091000,1.000000;;,
   124;16;1.000000,0.000000,0.000000,0.000000,0.000000,1.000000,0.000000,0.000000,0.000000,0.000000,1.000000,0.000000,0.000000,-0.020409,0.091000,1.000000;;,
   128;16;1.000000,0.000000,0.000000,0.000000,0.000000,1.000000,0.000000,0.000000,0.000000,0.000000,1.000000,0.000000,0.000000,-0.439242,0.091000,1.000000;;,
   132;16;1.000000,0.000000,0.000000,0.000000,0.000000,1.000000,0.000000,0.000000,0.000000,0.000000,1.000000,0.000000,0.000000,-0.861141,0.091000,1.000000;;,
   150;16;1.000000,0.000000,0.000000,0.000000,0.000000,1.000000,0.000000,0.000000,0.000000,0.000000,1.000000,0.000000,0.000000,-1.058269,0.091000,1.000000;;,
   152;16;1.000000,0.000000,0.000000,0.000000,0.000000,1.000000,0.000000,0.000000,0.000000,0.000000,1.000000,0.000000,0.000000,-1.058269,0.091000,1.000000;;,
   160;16;1.000000,0.000000,0.000000,0.000000,0.000000,1.000000,0.000000,0.000000,0.000000,0.000000,1.000000,0.000000,0.000000,0.561110,0.091000,1.000000;;,
   180;16;1.000000,0.000000,0.000000,0.000000,0.000000,1.000000,0.000000,0.000000,0.000000,0.000000,1.000000,0.000000,0.000000,-0.967728,0.091000,1.000000;;,
   200;16;0.987414,0.158158,0.000000,0.000000,-0.158158,0.987414,0.000000,0.000000,0.000000,0.000000,1.000000,0.000000,1.043844,-0.975200,0.091000,1.000000;;,
   202;16;0.987414,0.158158,0.000000,0.000000,-0.158158,0.987414,0.000000,0.000000,0.000000,0.000000,1.000000,0.000000,1.043844,-0.975199,0.091000,1.000000;;,
   210;16;0.931691,0.363251,0.000000,0.000000,-0.363251,0.931691,0.000000,0.000000,0.000000,0.000000,1.000000,0.000000,2.397459,0.272849,0.091000,1.000000;;,
   230;16;0.931691,0.363251,0.000000,0.000000,-0.363251,0.931691,0.000000,0.000000,0.000000,0.000000,1.000000,0.000000,2.397458,-0.312935,0.091000,1.000000;;,
   250;16;0.987414,-0.158158,0.000000,0.000000,0.158158,0.987414,0.000000,0.000000,0.000000,0.000000,1.000000,0.000000,-1.043845,-0.975200,0.091000,1.000000;;,
   252;16;0.987414,-0.158158,0.000000,0.000000,0.158158,0.987414,0.000000,0.000000,0.000000,0.000000,1.000000,0.000000,-1.043845,-0.975199,0.091000,1.000000;;,
   260;16;0.931691,-0.363251,0.000000,0.000000,0.363251,0.931691,0.000000,0.000000,0.000000,0.000000,1.000000,0.000000,-2.397458,0.272849,0.091000,1.000000;;,
   280;16;0.931691,-0.363251,0.000000,0.000000,0.363251,0.931691,0.000000,0.000000,0.000000,0.000000,1.000000,0.000000,-2.397458,-0.312936,0.091000,1.000000;;,
   300;16;1.000000,0.000000,0.000000,0.000000,0.000000,1.000000,0.000000,0.000000,0.000000,0.000000,1.000000,0.000000,0.000000,-1.058269,0.091000,1.000000;;,
   302;16;1.000000,0.000000,0.000000,0.000000,-0.000000,1.000000,0.000000,0.000000,0.000000,0.000000,1.000000,0.000000,0.000000,-1.058270,0.091000,1.000000;;,
   310;16;1.000000,0.000000,0.000000,0.000000,0.000000,1.000000,0.000000,0.000000,0.000000,0.000000,1.000000,0.000000,0.000000,-0.290903,0.091000,1.000000;;,
   330;16;1.000000,0.000000,0.000000,0.000000,0.000000,1.000000,0.000000,0.000000,0.000000,0.000000,1.000000,0.000000,0.000000,-1.194391,0.091000,1.000000;;,
   350;16;1.000000,0.000000,0.000000,0.000000,0.000000,1.000000,0.000000,0.000000,0.000000,0.000000,1.000000,0.000000,0.000000,-1.058269,0.091000,1.000000;;,
   360;16;1.000000,0.000000,0.000000,0.000000,0.000000,1.000000,0.000000,0.000000,0.000000,0.000000,1.000000,0.000000,0.000000,-1.058269,0.091000,1.000000;;,
   380;16;1.000000,0.000000,0.000000,0.000000,0.000000,1.000000,0.000000,0.000000,0.000000,0.000000,1.000000,0.000000,0.000000,-0.364258,0.091000,1.000000;;,
   400;16;1.000000,0.000000,-0.000000,0.000000,-0.000000,1.000000,-0.000000,0.000000,0.000000,0.000000,1.000000,0.000000,0.000000,-0.364258,0.091000,1.000000;;,
   420;16;1.000000,0.000000,0.000000,0.000000,0.000000,1.000000,0.000000,0.000000,0.000000,0.000000,1.000000,0.000000,0.000000,-0.364258,0.091000,1.000000;;,
   430;16;0.999989,0.000000,0.004705,0.000000,-0.002003,0.904827,0.425775,0.000000,-0.004257,-0.425780,0.904817,0.000000,0.012834,0.225139,-2.727777,1.000000;;,
   440;16;0.999954,0.000000,0.009558,0.000000,-0.004495,0.882517,0.470259,0.000000,-0.008435,-0.470280,0.882477,0.000000,0.028898,0.368334,-3.023403,1.000000;;,
   455;16;0.999742,0.000000,0.022723,0.000000,-0.005197,0.973489,0.228676,0.000000,-0.022120,-0.228735,0.973237,0.000000,0.032290,-0.210098,-1.420697,1.000000;;,
   470;16;0.999708,-0.000000,0.024182,0.000000,-0.005340,0.975317,0.220745,0.000000,-0.023585,-0.220810,0.975032,0.000000,0.033095,-0.221443,-1.368190,1.000000;;,
   500;16;1.000000,-0.000000,-0.000000,0.000000,-0.000000,1.000000,-0.000000,0.000000,0.000000,0.000000,1.000000,0.000000,0.000000,0.000000,0.000001,1.000000;;,
   510;16;1.000000,0.000000,0.000000,0.000000,0.000000,1.000000,0.000000,0.000000,0.000000,0.000000,1.000000,0.000000,0.000000,-0.780371,0.000000,1.000000;;,
   517;16;1.000000,0.000000,0.000000,0.000000,0.000000,1.000000,0.000000,0.000000,0.000000,0.000000,1.000000,0.000000,0.000000,-0.877462,0.000793,1.000000;;,
   525;16;1.000000,0.000000,0.000000,0.000000,0.000000,1.000000,0.000000,0.000000,0.000000,0.000000,1.000000,0.000000,0.000000,-0.783850,0.000911,1.000000;;,
   540;16;1.000000,0.000000,0.000000,0.000000,0.000000,1.000000,0.000000,0.000000,0.000000,0.000000,1.000000,0.000000,0.000000,0.000000,0.000000,1.000000;;,
   600;16;1.000000,0.000000,0.000000,0.000000,0.000000,1.000000,0.000000,0.000000,0.000000,0.000000,1.000000,0.000000,0.000000,0.000000,0.000000,1.000000;;,
   607;16;1.000000,0.000000,0.000000,0.000000,0.000000,1.000000,0.000000,0.000000,0.000000,0.000000,1.000000,0.000000,0.000000,-0.780366,0.000000,1.000000;;,
   615;16;1.000000,0.000000,0.000000,0.000000,0.000000,1.000000,0.000000,0.000000,0.000000,0.000000,1.000000,0.000000,0.000000,-3.600000,0.000000,1.000000;;,
   650;16;1.000000,0.000000,0.000000,0.000000,0.000000,1.000000,0.000000,0.000000,0.000000,0.000000,1.000000,0.000000,0.000000,-3.600000,0.000000,1.000000;;,
   655;16;1.000000,0.000000,0.000000,0.000000,0.000000,1.000000,0.000000,0.000000,0.000000,0.000000,1.000000,0.000000,0.000000,-4.537257,0.000000,1.000000;;,
   665;16;1.000000,0.000000,0.000000,0.000000,0.000000,1.000000,0.000000,0.000000,0.000000,0.000000,1.000000,0.000000,0.000000,-3.480743,0.000000,1.000000;;,
   670;16;1.000000,0.000000,0.000000,0.000000,0.000000,1.000000,0.000000,0.000000,0.000000,0.000000,1.000000,0.000000,0.000000,-4.537256,0.000000,1.000000;;,
   680;16;1.000000,0.000000,0.000000,0.000000,0.000000,1.000000,0.000000,0.000000,0.000000,0.000000,1.000000,0.000000,0.000000,-4.537257,0.000000,1.000000;;,
   700;16;1.000000,0.000000,0.000000,0.000000,0.000000,1.000000,0.000000,0.000000,0.000000,0.000000,1.000000,0.000000,0.000000,-4.537257,0.000000,1.000000;;,
   715;16;1.000000,0.000000,0.000000,0.000000,0.000000,1.000000,0.000000,0.000000,0.000000,0.000000,1.000000,0.000000,0.000000,-4.537259,0.000000,1.000000;;,
   720;16;1.000000,0.000000,0.000000,0.000000,0.000000,1.000000,0.000000,0.000000,0.000000,0.000000,1.000000,0.000000,0.000000,-3.134239,-0.000390,1.000000;;,
   725;16;1.000000,0.000000,0.000000,0.000000,0.000000,1.000000,0.000000,0.000000,0.000000,0.000000,1.000000,0.000000,0.000000,-1.470714,-0.000710,1.000000;;,
   735;16;1.000000,0.000000,0.000000,0.000000,0.000000,1.000000,0.000000,0.000000,0.000000,0.000000,1.000000,0.000000,0.000000,0.000000,0.000000,1.000000;;,
   1000;16;1.000000,0.000000,0.000000,0.000000,0.000000,1.000000,0.000000,0.000000,0.000000,0.000000,1.000000,0.000000,0.000000,-0.364258,0.091000,1.000000;;,
   1010;16;1.000000,0.000000,0.000000,0.000000,0.000000,1.000000,0.000000,0.000000,0.000000,0.000000,1.000000,0.000000,0.000000,-0.364258,0.091000,1.000000;;,
   1020;16;1.000000,0.000000,0.000000,0.000000,0.000000,1.000000,0.000000,0.000000,0.000000,0.000000,1.000000,0.000000,0.000000,-0.364258,0.091000,1.000000;;,
   1030;16;1.000000,0.000000,0.000000,0.000000,0.000000,1.000000,0.000000,0.000000,0.000000,0.000000,1.000000,0.000000,0.000000,-0.364258,0.091000,1.000000;;,
   1050;16;1.000000,0.000000,0.000000,0.000000,0.000000,1.000000,0.000000,0.000000,0.000000,0.000000,1.000000,0.000000,0.000000,-0.364258,0.091000,1.000000;;,
   1100;16;1.000000,0.000000,0.000000,0.000000,0.000000,1.000000,0.000000,0.000000,0.000000,0.000000,1.000000,0.000000,0.000000,-0.364258,0.091000,1.000000;;,
   1110;16;1.000000,0.000000,0.000000,0.000000,0.000000,1.000000,0.000000,0.000000,0.000000,0.000000,1.000000,0.000000,0.000000,-0.364258,0.091000,1.000000;;,
   1120;16;1.000000,0.000000,0.000000,0.000000,0.000000,1.000000,0.000000,0.000000,0.000000,0.000000,1.000000,0.000000,0.000000,-0.364258,0.091000,1.000000;;,
   1130;16;1.000000,0.000000,0.000000,0.000000,0.000000,1.000000,0.000000,0.000000,0.000000,0.000000,1.000000,0.000000,0.000000,-0.364258,0.091000,1.000000;;,
   1135;16;1.000000,0.000000,0.000000,0.000000,0.000000,1.000000,0.000000,0.000000,0.000000,0.000000,1.000000,0.000000,0.000000,-0.364258,0.091000,1.000000;;,
   1150;16;1.000000,0.000000,0.000000,0.000000,0.000000,1.000000,0.000000,0.000000,0.000000,0.000000,1.000000,0.000000,0.000000,-0.364258,0.091000,1.000000;;,
   1200;16;1.000000,0.000000,0.000000,0.000000,0.000000,1.000000,0.000000,0.000000,0.000000,0.000000,1.000000,0.000000,0.000000,-0.364258,0.091000,1.000000;;,
   1210;16;1.000000,0.000000,0.000000,0.000000,0.000000,1.000000,0.000000,0.000000,0.000000,0.000000,1.000000,0.000000,0.000000,-0.364258,0.091000,1.000000;;,
   1220;16;1.000000,0.000000,0.000000,0.000000,0.000000,1.000000,0.000000,0.000000,0.000000,0.000000,1.000000,0.000000,0.000000,-0.364258,0.091000,1.000000;;,
   1230;16;1.000000,0.000000,0.000000,0.000000,0.000000,1.000000,0.000000,0.000000,0.000000,0.000000,1.000000,0.000000,0.000000,-0.364258,0.091000,1.000000;;,
   1235;16;1.000000,0.000000,0.000000,0.000000,0.000000,1.000000,0.000000,0.000000,0.000000,0.000000,1.000000,0.000000,0.000000,-0.364258,0.091000,1.000000;;,
   1250;16;1.000000,0.000000,0.000000,0.000000,0.000000,1.000000,0.000000,0.000000,0.000000,0.000000,1.000000,0.000000,0.000000,-0.364258,0.091000,1.000000;;,
   1500;16;1.000000,0.000000,0.000000,0.000000,0.000000,1.000000,0.000000,0.000000,0.000000,0.000000,1.000000,0.000000,0.000000,-0.830269,0.091000,1.000000;;,
   1510;16;1.000000,0.000000,0.000000,0.000000,0.000000,1.000000,0.000000,0.000000,0.000000,0.000000,1.000000,0.000000,0.000000,-0.830269,0.091000,1.000000;;,
   1523;16;1.000000,0.000000,0.000000,0.000000,0.000000,1.000000,0.000000,0.000000,0.000000,0.000000,1.000000,0.000000,0.000000,-0.830269,0.091000,1.000000;;,
   1530;16;1.000000,0.000000,0.000000,0.000000,0.000000,1.000000,0.000000,0.000000,0.000000,0.000000,1.000000,0.000000,0.000000,-0.830269,0.091000,1.000000;;,
   1532;16;1.000000,0.000000,0.000000,0.000000,0.000000,1.000000,0.000000,0.000000,0.000000,0.000000,1.000000,0.000000,0.000000,-0.830269,0.091000,1.000000;;,
   1536;16;1.000000,0.000000,0.000000,0.000000,0.000000,1.000000,0.000000,0.000000,0.000000,0.000000,1.000000,0.000000,0.000000,-0.830269,0.091000,1.000000;;,
   1550;16;1.000000,0.000000,0.000000,0.000000,0.000000,1.000000,0.000000,0.000000,0.000000,0.000000,1.000000,0.000000,0.000000,-0.830269,0.091000,1.000000;;,
   1560;16;1.000000,0.000000,0.000000,0.000000,0.000000,1.000000,0.000000,0.000000,0.000000,0.000000,1.000000,0.000000,0.000000,-0.830269,0.091000,1.000000;;,
   1600;16;1.000000,0.000000,0.000000,0.000000,0.000000,1.000000,0.000000,0.000000,0.000000,0.000000,1.000000,0.000000,0.000000,-0.830269,0.091000,1.000000;;,
   1620;16;1.000000,0.000000,0.000000,0.000000,0.000000,1.000000,0.000000,0.000000,0.000000,0.000000,1.000000,0.000000,0.000000,-0.830269,0.091000,1.000000;;,
   1630;16;1.000000,0.000000,0.000000,0.000000,0.000000,1.000000,0.000000,0.000000,0.000000,0.000000,1.000000,0.000000,0.000000,-0.830269,0.091000,1.000000;;,
   1632;16;1.000000,0.000000,0.000000,0.000000,0.000000,1.000000,0.000000,0.000000,0.000000,0.000000,1.000000,0.000000,0.000000,-0.830269,0.091000,1.000000;;,
   1636;16;1.000000,0.000000,0.000000,0.000000,0.000000,1.000000,0.000000,0.000000,0.000000,0.000000,1.000000,0.000000,0.000000,-0.830269,0.091000,1.000000;;,
   1650;16;1.000000,0.000000,0.000000,0.000000,0.000000,1.000000,0.000000,0.000000,0.000000,0.000000,1.000000,0.000000,0.000000,-0.830269,0.091000,1.000000;;,
   1700;16;1.000000,0.000000,0.000000,0.000000,0.000000,1.000000,0.000000,0.000000,0.000000,0.000000,1.000000,0.000000,0.000000,-0.830269,0.091000,1.000000;;,
   1725;16;1.000000,0.000000,0.000000,0.000000,0.000000,1.000000,0.000000,0.000000,0.000000,0.000000,1.000000,0.000000,0.000000,-0.830269,0.091000,1.000000;;,
   1730;16;1.000000,0.000000,0.000000,0.000000,0.000000,1.000000,0.000000,0.000000,0.000000,0.000000,1.000000,0.000000,0.000000,-0.830269,0.091000,1.000000;;,
   1732;16;1.000000,0.000000,0.000000,0.000000,0.000000,1.000000,0.000000,0.000000,0.000000,0.000000,1.000000,0.000000,0.000000,-0.830269,0.091000,1.000000;;,
   1736;16;1.000000,0.000000,0.000000,0.000000,0.000000,1.000000,0.000000,0.000000,0.000000,0.000000,1.000000,0.000000,0.000000,-0.830269,0.091000,1.000000;;,
   1750;16;1.000000,0.000000,0.000000,0.000000,0.000000,1.000000,0.000000,0.000000,0.000000,0.000000,1.000000,0.000000,0.000000,-0.830269,0.091000,1.000000;;,
   1760;16;1.000000,0.000000,0.000000,0.000000,0.000000,1.000000,0.000000,0.000000,0.000000,0.000000,1.000000,0.000000,0.000000,-0.830269,0.091000,1.000000;;,
   2000;16;1.000000,0.000000,0.000000,0.000000,0.000000,1.000000,0.000000,0.000000,0.000000,0.000000,1.000000,0.000000,0.000000,-0.830269,0.091000,1.000000;;,
   2015;16;1.000000,0.000000,0.000000,0.000000,0.000000,1.000000,0.000000,0.000000,0.000000,0.000000,1.000000,0.000000,0.000000,-0.830269,0.091000,1.000000;;,
   2020;16;1.000000,0.000000,0.000000,0.000000,0.000000,1.000000,0.000000,0.000000,0.000000,0.000000,1.000000,0.000000,0.000000,-0.830269,0.091000,1.000000;;,
   2022;16;1.000000,0.000000,0.000000,0.000000,0.000000,1.000000,0.000000,0.000000,0.000000,0.000000,1.000000,0.000000,0.000000,-0.830269,0.091000,1.000000;;,
   2025;16;1.000000,0.000000,0.000000,0.000000,0.000000,1.000000,0.000000,0.000000,0.000000,0.000000,1.000000,0.000000,0.000000,-0.830269,0.091000,1.000000;;,
   2050;16;1.000000,0.000000,0.000000,0.000000,0.000000,1.000000,0.000000,0.000000,0.000000,0.000000,1.000000,0.000000,0.000000,-0.830269,0.091000,1.000000;;,
   2060;16;1.000000,0.000000,0.000000,0.000000,0.000000,1.000000,0.000000,0.000000,0.000000,0.000000,1.000000,0.000000,0.000000,-0.830269,0.091000,1.000000;;,
   2065;16;1.000000,0.000000,0.000000,0.000000,0.000000,1.000000,0.000000,0.000000,0.000000,0.000000,1.000000,0.000000,0.000000,-0.830269,0.091000,1.000000;;,
   2070;16;1.000000,0.000000,0.000000,0.000000,0.000000,1.000000,0.000000,0.000000,0.000000,0.000000,1.000000,0.000000,0.000000,-0.830269,0.091000,1.000000;;,
   2071;16;1.000000,0.000000,0.000000,0.000000,0.000000,1.000000,0.000000,0.000000,0.000000,0.000000,1.000000,0.000000,0.000000,-0.830269,0.091000,1.000000;;,
   2072;16;1.000000,0.000000,0.000000,0.000000,0.000000,1.000000,0.000000,0.000000,0.000000,0.000000,1.000000,0.000000,0.000000,-0.830269,0.091000,1.000000;;,
   2075;16;1.000000,0.000000,0.000000,0.000000,0.000000,1.000000,0.000000,0.000000,0.000000,0.000000,1.000000,0.000000,0.000000,-0.830269,0.091000,1.000000;;,
   2100;16;1.000000,0.000000,0.000000,0.000000,0.000000,1.000000,0.000000,0.000000,0.000000,0.000000,1.000000,0.000000,0.000000,-0.830269,0.091000,1.000000;;,
   2115;16;1.000000,0.000000,0.000000,0.000000,0.000000,1.000000,0.000000,0.000000,0.000000,0.000000,1.000000,0.000000,0.000000,-0.830269,0.091000,1.000000;;,
   2120;16;1.000000,0.000000,0.000000,0.000000,0.000000,1.000000,0.000000,0.000000,0.000000,0.000000,1.000000,0.000000,0.000000,-0.830269,0.091000,1.000000;;,
   2121;16;1.000000,0.000000,0.000000,0.000000,0.000000,1.000000,0.000000,0.000000,0.000000,0.000000,1.000000,0.000000,0.000000,-0.830269,0.091000,1.000000;;,
   2122;16;1.000000,0.000000,0.000000,0.000000,0.000000,1.000000,0.000000,0.000000,0.000000,0.000000,1.000000,0.000000,0.000000,-0.830269,0.091000,1.000000;;,
   2125;16;1.000000,0.000000,0.000000,0.000000,0.000000,1.000000,0.000000,0.000000,0.000000,0.000000,1.000000,0.000000,0.000000,-0.830269,0.091000,1.000000;;,
   2200;16;1.000000,0.000000,0.000000,0.000000,0.000000,1.000000,0.000000,0.000000,0.000000,0.000000,1.000000,0.000000,0.000000,-0.830269,0.091000,1.000000;;,
   2220;16;1.000000,0.000000,0.000000,0.000000,0.000000,1.000000,0.000000,0.000000,0.000000,0.000000,1.000000,0.000000,0.000000,-0.830269,0.091000,1.000000;;,
   2230;16;1.000000,0.000000,0.000000,0.000000,0.000000,1.000000,-0.000001,0.000000,0.000000,0.000001,1.000000,0.000000,0.000000,-0.830269,0.091007,1.000000;;,
   2235;16;1.000000,0.000000,0.000000,0.000000,0.000000,0.980271,0.197657,0.000000,0.000000,-0.197657,0.980271,0.000000,0.000000,-0.718045,-1.215334,1.000000;;,
   2260;16;1.000000,-0.000000,-0.000000,0.000000,0.000000,1.000000,0.000000,0.000000,0.000000,-0.000000,1.000000,0.000000,-0.000000,-0.830269,0.090999,1.000000;;,
   2400;16;0.951965,0.080192,0.295520,0.000000,-0.072757,0.996697,-0.036091,0.000000,-0.297438,0.012856,0.954655,0.000000,0.453128,-0.720270,0.262331,1.000000;;,
   2420;16;0.905569,-0.000000,0.424200,0.000000,0.000000,1.000000,0.000000,0.000000,-0.424200,-0.000000,0.905569,0.000000,-0.038603,-0.754097,-0.008594,1.000000;;,
   2430;16;0.905569,0.000000,0.424199,0.000000,0.000000,1.000000,0.000000,0.000000,-0.424199,0.000000,0.905569,0.000000,-0.038602,-0.754097,-0.008593,1.000000;;,
   2435;16;0.981959,-0.000000,0.189095,0.000000,0.000000,1.000000,-0.000000,0.000000,-0.189095,0.000000,0.981959,0.000000,-0.017208,-0.374639,-0.001642,1.000000;;,
   2460;16;0.978523,-0.000000,0.206136,0.000000,0.001079,0.999986,-0.005124,0.000000,-0.206133,0.005236,0.978510,0.000000,-0.025882,-0.285923,0.031860,1.000000;;,
   2490;16;0.996711,0.076719,-0.026100,0.000000,-0.076693,0.997053,0.002008,0.000000,0.026177,0.000000,0.999657,0.000000,0.508554,-0.641676,-0.013286,1.000000;;,
   2500;16;0.996711,0.076719,-0.026100,0.000000,-0.076693,0.997053,0.002008,0.000000,0.026177,0.000000,0.999657,0.000000,0.508554,-0.641676,-0.013286,1.000000;;,
   2510;16;0.996711,0.076719,-0.026100,0.000000,-0.076693,0.997053,0.002008,0.000000,0.026177,0.000000,0.999657,0.000000,0.508554,-0.641676,-0.013286,1.000000;;,
   2530;16;0.996711,0.076719,-0.026101,0.000000,-0.076693,0.997053,0.002008,0.000000,0.026179,-0.000000,0.999657,0.000000,0.508556,-0.641677,-0.013287,1.000000;;,
   2535;16;0.905569,0.000000,0.424199,0.000000,0.000000,1.000000,0.000000,0.000000,-0.424199,0.000000,0.905569,0.000000,-0.038602,-0.374640,-0.008593,1.000000;;,
   2560;16;0.880506,-0.009215,0.473945,0.000000,0.008114,0.999958,0.004368,0.000000,-0.473966,0.000000,0.880543,0.000000,-0.096686,-0.339981,-0.039697,1.000000;;,
   2600;16;1.000000,-0.000011,0.000587,0.000000,0.000011,1.000000,0.000000,0.000000,-0.000587,-0.000000,1.000000,0.000000,-0.000126,-0.829686,0.090892,1.000000;;,
   2630;16;1.000000,-0.000011,0.000588,0.000000,0.000011,1.000000,0.000000,0.000000,-0.000588,0.000000,1.000000,0.000000,-0.000126,-0.829686,0.090893,1.000000;;,
   2635;16;1.000000,-0.000011,0.000588,0.000000,0.000011,1.000000,0.000000,0.000000,-0.000588,0.000000,1.000000,0.000000,-0.000126,-1.083436,0.735715,1.000000;;,
   2640;16;1.000000,-0.000011,0.000588,0.000000,0.000011,1.000000,0.000000,0.000000,-0.000588,0.000000,1.000000,0.000000,-0.000126,-1.043415,0.282286,1.000000;;,
   2650;16;1.000000,-0.000011,0.000588,0.000000,0.000011,1.000000,0.000000,0.000000,-0.000588,0.000000,1.000000,0.000000,-0.000126,-0.829686,0.090892,1.000000;;,
   2700;16;1.000000,-0.000011,0.000588,0.000000,0.000011,1.000000,0.000000,0.000000,-0.000588,0.000000,1.000000,0.000000,-0.000126,-0.829686,0.090892,1.000000;;,
   2730;16;1.000000,-0.000011,0.000588,0.000000,0.000011,1.000000,0.000000,0.000000,-0.000588,0.000000,1.000000,0.000000,-0.000126,-0.829686,0.090892,1.000000;;,
   2735;16;1.000000,-0.000011,0.000588,0.000000,0.000011,1.000000,0.000000,0.000000,-0.000588,0.000000,1.000000,0.000000,-0.000126,-1.083440,0.735718,1.000000;;,
   2740;16;1.000000,-0.000011,0.000588,0.000000,0.000011,1.000000,0.000000,0.000000,-0.000588,0.000000,1.000000,0.000000,-0.000126,-1.043416,0.282289,1.000000;;,
   2755;16;1.000000,-0.000011,0.000588,0.000000,0.000011,1.000000,0.000000,0.000000,-0.000588,0.000000,1.000000,0.000000,-0.000126,-0.829686,0.090892,1.000000;;,
   2800;16;1.000000,-0.000011,0.000588,0.000000,0.000011,1.000000,0.000000,0.000000,-0.000588,0.000000,1.000000,0.000000,-0.000126,-0.829686,0.090892,1.000000;;,
   2830;16;1.000000,-0.000011,0.000588,0.000000,0.000011,1.000000,0.000000,0.000000,-0.000588,0.000000,1.000000,0.000000,-0.000126,-0.829686,0.090892,1.000000;;,
   2835;16;1.000000,-0.000011,0.000588,0.000000,0.000011,1.000000,0.000000,0.000000,-0.000588,0.000000,1.000000,0.000000,-0.000126,-0.829686,0.090892,1.000000;;,
   2850;16;1.000000,-0.000011,0.000588,0.000000,0.000011,1.000000,0.000000,0.000000,-0.000588,0.000000,1.000000,0.000000,-0.000126,-0.829686,0.090892,1.000000;;,
   2900;16;0.978523,-0.000000,0.206136,0.000000,0.001079,0.999986,-0.005124,0.000000,-0.206133,0.005236,0.978510,0.000000,-0.025882,-0.759997,0.031860,1.000000;;,
   2910;16;0.978523,-0.000000,0.206136,0.000000,0.001079,0.999986,-0.005124,0.000000,-0.206133,0.005236,0.978510,0.000000,-0.025882,-0.759997,0.031860,1.000000;;,
   2930;16;0.976672,-0.000000,0.214735,0.000000,-0.000000,1.000000,0.000000,0.000000,-0.214735,-0.000000,0.976672,0.000000,-0.019541,-0.760564,-0.002123,1.000000;;,
   2932;16;0.975521,-0.000000,0.219908,0.000000,-0.000033,1.000000,0.000147,0.000000,-0.219908,-0.000151,0.975521,0.000000,-0.019793,-0.759277,-0.003455,1.000000;;,
   2935;16;0.976672,0.000000,0.214736,0.000000,-0.000000,1.000000,0.000000,0.000000,-0.214736,-0.000000,0.976672,0.000000,-0.019541,-0.760564,-0.002123,1.000000;;,
   3100;16;0.000002,0.000000,-1.000000,0.000000,-0.000000,1.000000,-0.000000,0.000000,1.000000,0.000000,0.000002,0.000000,0.091000,-1.221204,0.000000,1.000000;;,
   3104;16;0.000000,0.000000,-1.000000,0.000000,0.000000,1.000000,0.000000,0.000000,1.000000,0.000000,0.000000,0.000000,0.091000,-0.100008,0.003656,1.000000;;,
   3110;16;0.000000,0.000000,-1.000000,0.000000,0.000000,1.000000,0.000000,0.000000,1.000000,0.000000,0.000000,0.000000,0.091000,-0.480587,0.001828,1.000000;;,
   3116;16;0.000000,0.000000,-1.000000,0.000000,0.000000,1.000000,0.000000,0.000000,1.000000,0.000000,0.000000,0.000000,0.091000,-1.131191,-0.000000,1.000000;;,
   3120;16;0.000000,0.000000,-1.000000,0.000000,0.000000,1.000000,0.000000,0.000000,1.000000,0.000000,0.000000,0.000000,0.091000,-0.100000,0.003656,1.000000;;,
   3124;16;0.000000,0.000000,-1.000000,0.000000,0.000000,1.000000,0.000000,0.000000,1.000000,0.000000,0.000000,0.000000,0.091000,-0.274786,0.002817,1.000000;;,
   3128;16;0.000000,0.000000,-1.000000,0.000000,0.000000,1.000000,0.000000,0.000000,1.000000,0.000000,0.000000,0.000000,0.091000,-0.608829,0.001212,1.000000;;,
   3132;16;0.000000,0.000000,-1.000000,0.000000,0.000000,1.000000,0.000000,0.000000,1.000000,0.000000,0.000000,0.000000,0.091000,-0.861141,0.000000,1.000000;;,
   3150;16;0.000000,0.000000,1.000000,0.000000,0.000000,1.000000,0.000000,0.000000,-1.000000,0.000000,0.000000,0.000000,-0.091000,-1.221203,0.000000,1.000000;;,
   3154;16;0.000000,0.000000,1.000000,0.000000,0.000000,1.000000,0.000000,0.000000,-1.000000,0.000000,0.000000,0.000000,-0.091000,-0.099992,0.003656,1.000000;;,
   3160;16;0.000000,0.000000,1.000000,0.000000,0.000000,1.000000,0.000000,0.000000,-1.000000,0.000000,0.000000,0.000000,-0.091000,-0.480553,0.001828,1.000000;;,
   3166;16;0.000000,0.000000,1.000000,0.000000,0.000000,1.000000,0.000000,0.000000,-1.000000,0.000000,0.000000,0.000000,-0.091000,-1.131183,0.000000,1.000000;;,
   3170;16;0.000000,0.000000,1.000000,0.000000,0.000000,1.000000,0.000000,0.000000,-1.000000,0.000000,0.000000,0.000000,-0.091000,-0.099978,0.003656,1.000000;;,
   3174;16;0.000000,0.000000,1.000000,0.000000,0.000000,1.000000,0.000000,0.000000,-1.000000,0.000000,0.000000,0.000000,-0.091000,-0.274780,0.002817,1.000000;;,
   3178;16;0.000000,0.000000,1.000000,0.000000,-0.000000,1.000000,-0.000000,0.000000,-1.000000,-0.000000,0.000000,0.000000,-0.091000,-0.608844,0.001212,1.000000;;,
   3182;16;-0.000007,0.000000,1.000000,0.000000,0.000000,1.000000,-0.000000,0.000000,-1.000000,0.000000,-0.000007,0.000000,-0.091000,-0.861140,-0.000001,1.000000;;,
   3200;16;1.000000,-0.000011,0.000588,0.000000,0.000011,1.000000,0.000000,0.000000,-0.000588,0.000000,1.000000,0.000000,-0.000126,-0.829686,0.090892,1.000000;;;
  }
 }

 Animation Animation1 {
  { Frame2_Bone01 }
  AnimationKey {
   4;
   164;
   0;16;0.000000,0.000000,1.000000,0.000000,1.000000,0.000000,0.000000,0.000000,0.000000,1.000000,0.000000,0.000000,0.000000,6.600000,0.000000,1.000000;;,
   5;16;-0.000000,0.076720,0.997053,0.000000,1.000000,0.000000,0.000000,0.000000,-0.000000,0.997053,-0.076720,0.000000,0.000000,6.600000,0.000000,1.000000;;,
   10;16;0.160939,0.090634,0.982794,0.000000,0.986856,0.000000,-0.161604,0.000000,-0.014647,0.995884,-0.089442,0.000000,0.000000,6.600000,0.000000,1.000000;;,
   50;16;-0.000000,0.342020,0.939693,0.000000,1.000000,0.000000,0.000000,0.000000,0.000000,0.939693,-0.342020,0.000000,0.000000,6.600000,0.000000,1.000000;;,
   54;16;-0.006449,0.356993,0.934085,0.000000,0.999976,0.000000,0.006904,0.000000,0.002465,0.934107,-0.356984,0.000000,0.000000,6.600000,0.000000,1.000000;;,
   60;16;-0.005908,0.368571,0.929581,0.000000,0.999980,0.000000,0.006355,0.000000,0.002342,0.929600,-0.368563,0.000000,0.000000,6.600000,0.000000,1.000000;;,
   66;16;-0.003969,0.378252,0.925694,0.000000,0.999991,0.000000,0.004288,0.000000,0.001622,0.925703,-0.378248,0.000000,0.000000,6.600000,0.000000,1.000000;;,
   70;16;-0.002858,0.383223,0.923651,0.000000,0.999995,0.000000,0.003094,0.000000,0.001186,0.923656,-0.383221,0.000000,0.000000,6.600000,0.000000,1.000000;;,
   74;16;-0.001760,0.385477,0.922716,0.000000,0.999998,0.000000,0.001907,0.000000,0.000735,0.922718,-0.385476,0.000000,0.000000,6.600000,0.000000,1.000000;;,
   78;16;-0.000711,0.382459,0.923972,0.000000,1.000000,0.000000,0.000769,0.000000,0.000294,0.923973,-0.382459,0.000000,0.000000,6.600000,0.000000,1.000000;;,
   82;16;-0.000000,0.342020,0.939693,0.000000,1.000000,0.000000,0.000000,0.000000,0.000000,0.939693,-0.342020,0.000000,0.000000,6.600000,0.000000,1.000000;;,
   100;16;-0.000000,-0.219847,0.975534,0.000000,1.000000,-0.000000,0.000000,0.000000,0.000000,0.975534,0.219847,0.000000,0.000000,6.600000,0.000000,1.000000;;,
   103;16;-0.000000,-0.252150,0.967688,0.000000,1.000000,-0.000000,0.000000,0.000000,0.000000,0.967688,0.252150,0.000000,0.000000,6.600000,0.000000,1.000000;;,
   108;16;-0.000000,-0.242685,0.970105,0.000000,1.000000,-0.000000,0.000000,0.000000,0.000000,0.970105,0.242685,0.000000,0.000000,6.600000,0.000000,1.000000;;,
   112;16;-0.000000,-0.229302,0.973355,0.000000,1.000000,0.000000,0.000000,0.000000,-0.000000,0.973355,0.229302,0.000000,0.000000,6.600000,0.000000,1.000000;;,
   116;16;-0.000000,-0.219847,0.975534,0.000000,1.000000,-0.000000,0.000000,0.000000,0.000000,0.975534,0.219847,0.000000,0.000000,6.600000,0.000000,1.000000;;,
   120;16;-0.000000,-0.231049,0.972942,0.000000,1.000000,0.000000,0.000000,0.000000,-0.000000,0.972942,0.231049,0.000000,0.000000,6.600000,0.000000,1.000000;;,
   124;16;-0.000000,-0.247626,0.968856,0.000000,1.000000,-0.000000,0.000000,0.000000,0.000000,0.968856,0.247626,0.000000,0.000000,6.600000,0.000000,1.000000;;,
   128;16;-0.000000,-0.256250,0.966611,0.000000,1.000000,0.000000,0.000000,0.000000,-0.000000,0.966611,0.256250,0.000000,0.000000,6.600000,0.000000,1.000000;;,
   132;16;-0.000000,-0.219847,0.975534,0.000000,1.000000,-0.000000,0.000000,0.000000,0.000000,0.975534,0.219847,0.000000,0.000000,6.600000,0.000000,1.000000;;,
   150;16;-0.000000,0.342020,0.939693,0.000000,1.000000,0.000000,0.000000,0.000000,0.000000,0.939693,-0.342020,0.000000,0.000000,6.600000,0.000000,1.000000;;,
   152;16;-0.000000,0.342020,0.939693,0.000000,1.000000,-0.000000,0.000000,0.000000,0.000000,0.939693,-0.342020,0.000000,0.000000,6.600000,0.000000,1.000000;;,
   160;16;-0.000000,0.731353,0.681999,0.000000,1.000000,0.000000,0.000000,0.000000,-0.000000,0.681999,-0.731353,0.000000,0.000000,6.600000,0.000000,1.000000;;,
   180;16;-0.000000,0.731354,0.681998,0.000000,1.000000,0.000000,0.000000,0.000000,0.000000,0.681998,-0.731354,0.000000,0.000000,6.600000,0.000000,1.000000;;,
   200;16;-0.000000,0.342020,0.939693,0.000000,1.000000,0.000000,0.000000,0.000000,-0.000000,0.939693,-0.342020,0.000000,0.000000,6.600000,0.000000,1.000000;;,
   202;16;-0.000000,0.342020,0.939693,0.000000,1.000000,0.000000,0.000000,0.000000,-0.000000,0.939693,-0.342020,0.000000,0.000000,6.600000,0.000000,1.000000;;,
   210;16;-0.000000,0.121868,0.992546,0.000000,1.000000,-0.000000,0.000000,0.000000,0.000000,0.992546,-0.121868,0.000000,0.000000,6.600000,0.000000,1.000000;;,
   230;16;-0.000000,0.121868,0.992546,0.000000,1.000000,-0.000000,0.000000,0.000000,0.000000,0.992546,-0.121868,0.000000,0.000000,6.600000,0.000000,1.000000;;,
   250;16;-0.000000,0.342020,0.939693,0.000000,1.000000,-0.000000,0.000000,0.000000,0.000000,0.939693,-0.342020,0.000000,0.000000,6.600000,0.000000,1.000000;;,
   252;16;-0.000000,0.342020,0.939693,0.000000,1.000000,0.000000,0.000000,0.000000,-0.000000,0.939693,-0.342020,0.000000,0.000000,6.600000,0.000000,1.000000;;,
   260;16;-0.000000,0.121868,0.992546,0.000000,1.000000,0.000000,0.000000,0.000000,0.000000,0.992546,-0.121868,0.000000,0.000000,6.600000,0.000000,1.000000;;,
   280;16;-0.000000,0.121868,0.992546,0.000000,1.000000,-0.000000,0.000000,0.000000,0.000000,0.992546,-0.121868,0.000000,0.000000,6.600000,0.000000,1.000000;;,
   300;16;-0.000000,0.062791,0.998027,0.000000,1.000000,0.000000,0.000000,0.000000,-0.000000,0.998027,-0.062791,0.000000,0.000000,6.600000,0.000000,1.000000;;,
   302;16;-0.000000,0.062791,0.998027,0.000000,1.000000,0.000000,0.000000,0.000000,-0.000000,0.998027,-0.062791,0.000000,0.000000,6.600000,0.000000,1.000000;;,
   310;16;-0.000000,-0.173648,0.984808,0.000000,1.000000,-0.000000,0.000000,0.000000,0.000000,0.984808,0.173648,0.000000,0.000000,6.600000,0.000000,1.000000;;,
   330;16;-0.000000,-0.101055,0.994881,0.000000,1.000000,0.000000,0.000000,0.000000,0.000000,0.994881,0.101055,0.000000,0.000000,6.600000,0.000000,1.000000;;,
   350;16;-0.000000,0.255447,0.966823,0.000000,1.000000,0.000000,0.000000,0.000000,0.000000,0.966823,-0.255447,0.000000,0.000000,6.600000,0.000000,1.000000;;,
   360;16;-0.000000,0.463297,0.886203,0.000000,1.000000,0.000000,0.000000,0.000000,-0.000000,0.886203,-0.463297,0.000000,0.000000,6.600000,0.000000,1.000000;;,
   380;16;-0.000000,0.332162,0.943222,0.000000,1.000000,0.000000,0.000000,0.000000,0.000000,0.943222,-0.332162,0.000000,0.000000,6.600000,0.000000,1.000000;;,
   400;16;-0.000000,0.332162,0.943222,0.000000,1.000000,0.000000,0.000000,0.000000,0.000000,0.943222,-0.332162,0.000000,0.000000,6.600000,0.000000,1.000000;;,
   420;16;-0.000000,0.332162,0.943222,0.000000,1.000000,0.000000,0.000000,0.000000,0.000000,0.943222,-0.332162,0.000000,0.000000,6.600000,0.000000,1.000000;;,
   430;16;-0.000000,0.327906,0.944710,0.000000,1.000000,0.000000,0.000000,0.000000,-0.000000,0.944710,-0.327905,0.000000,0.000000,6.600000,0.000000,1.000000;;,
   440;16;-0.000000,0.323509,0.946225,0.000000,1.000000,0.000000,0.000000,0.000000,-0.000000,0.946225,-0.323509,0.000000,0.000000,6.600000,0.000000,1.000000;;,
   455;16;-0.000000,0.311544,0.950232,0.000000,1.000000,0.000000,0.000000,0.000000,-0.000000,0.950232,-0.311544,0.000000,0.000000,6.600000,0.000000,1.000000;;,
   470;16;-0.000000,0.310214,0.950667,0.000000,1.000000,-0.000000,0.000000,0.000000,0.000000,0.950667,-0.310215,0.000000,0.000000,6.600000,0.000000,1.000000;;,
   500;16;0.160939,0.090634,0.982794,0.000000,0.986856,0.000000,-0.161604,0.000000,-0.014647,0.995884,-0.089442,0.000000,0.000000,6.600000,0.000000,1.000000;;,
   510;16;-0.199308,-0.196214,0.960092,0.000000,0.979351,-0.073752,0.188233,0.000000,0.033875,0.977784,0.206862,0.000000,0.000000,6.600000,0.000000,1.000000;;,
   517;16;-0.242304,0.059943,0.968347,0.000000,0.970144,0.025720,0.241162,0.000000,-0.010450,0.997870,-0.064386,0.000000,0.000000,6.600000,0.000000,1.000000;;,
   525;16;-0.201929,0.138067,0.969620,0.000000,0.979115,0.052339,0.196454,0.000000,-0.023625,0.989039,-0.145753,0.000000,0.000000,6.600000,0.000000,1.000000;;,
   540;16;0.160939,0.090634,0.982794,0.000000,0.986856,0.000000,-0.161604,0.000000,-0.014647,0.995884,-0.089442,0.000000,0.000000,6.600000,0.000000,1.000000;;,
   600;16;0.160939,0.090634,0.982794,0.000000,0.986856,0.000000,-0.161604,0.000000,-0.014647,0.995884,-0.089442,0.000000,0.000000,6.600000,0.000000,1.000000;;,
   607;16;-0.199307,-0.196213,0.960092,0.000000,0.979351,-0.073752,0.188233,0.000000,0.033875,0.977784,0.206861,0.000000,0.000000,6.600000,0.000000,1.000000;;,
   615;16;-0.230493,-0.595406,0.769652,0.000000,0.967629,-0.223799,0.116651,0.000000,0.102793,0.771625,0.627716,0.000000,0.000000,6.600000,0.000000,1.000000;;,
   650;16;-0.282571,-0.846275,0.451633,0.000000,0.948055,-0.318094,-0.002885,0.000000,0.146103,0.427358,0.892199,0.000000,0.000000,6.600000,0.000000,1.000000;;,
   655;16;0.006668,-0.999688,-0.024079,0.000000,0.986840,0.010469,-0.161361,0.000000,0.161562,-0.022686,0.986602,0.000000,0.000000,6.600000,0.000000,1.000000;;,
   665;16;-0.190376,-0.981321,-0.027684,0.000000,0.968366,-0.183080,-0.169557,0.000000,0.161321,-0.059088,0.985131,0.000000,0.000000,6.600000,0.000000,1.000000;;,
   670;16;0.006668,-0.999688,-0.024080,0.000000,0.986840,0.010469,-0.161361,0.000000,0.161562,-0.022687,0.986602,0.000000,0.000000,6.600000,0.000000,1.000000;;,
   680;16;0.006668,-0.999688,-0.024080,0.000000,0.986840,0.010469,-0.161361,0.000000,0.161562,-0.022687,0.986602,0.000000,0.000000,6.600000,0.000000,1.000000;;,
   700;16;0.006668,-0.999688,-0.024080,0.000000,0.986840,0.010469,-0.161360,0.000000,0.161562,-0.022687,0.986602,0.000000,0.000000,6.600000,0.000000,1.000000;;,
   715;16;0.102327,-0.822099,0.560073,0.000000,0.985838,0.008610,-0.167478,0.000000,0.132862,0.569279,0.811338,0.000000,0.000000,6.600000,0.000000,1.000000;;,
   720;16;0.159913,-0.348828,0.923443,0.000000,0.985506,0.002765,-0.169616,0.000000,0.056613,0.937183,0.344215,0.000000,0.000000,6.600000,0.000000,1.000000;;,
   725;16;0.164044,0.203249,0.965287,0.000000,0.985898,-0.000946,-0.167347,0.000000,-0.033100,0.979127,-0.200538,0.000000,0.000000,6.600000,0.000000,1.000000;;,
   735;16;0.160939,0.090634,0.982794,0.000000,0.986856,0.000000,-0.161604,0.000000,-0.014647,0.995884,-0.089442,0.000000,0.000000,6.600000,0.000000,1.000000;;,
   1000;16;-0.284016,0.065666,0.956568,0.000000,0.958820,0.019451,0.283349,0.000000,-0.000000,0.997652,-0.068486,0.000000,0.000000,6.600000,0.000000,1.000000;;,
   1010;16;-0.284016,0.065666,0.956568,0.000000,0.958819,0.019451,0.283350,0.000000,-0.000000,0.997652,-0.068486,0.000000,0.000000,6.600000,0.000000,1.000000;;,
   1020;16;0.000000,0.068486,0.997652,0.000000,1.000000,0.000000,0.000000,0.000000,0.000000,0.997652,-0.068486,0.000000,0.000000,6.600000,0.000000,1.000000;;,
   1030;16;0.000000,0.068486,0.997652,0.000000,1.000000,-0.000000,-0.000000,0.000000,0.000000,0.997652,-0.068486,0.000000,0.000000,6.600000,0.000000,1.000000;;,
   1035;16;0.000000,0.035370,0.999374,0.000000,1.000000,-0.000000,-0.000000,0.000000,0.000000,0.999374,-0.035370,0.000000,0.000000,6.600000,0.000000,1.000000;;,
   1050;16;0.000000,0.068486,0.997652,0.000000,1.000000,0.000000,0.000000,0.000000,0.000000,0.997652,-0.068486,0.000000,0.000000,6.600000,0.000000,1.000000;;,
   1100;16;0.550212,0.065666,0.832439,0.000000,0.833376,0.019451,-0.552365,0.000000,-0.052463,0.997652,-0.044022,0.000000,0.000000,6.600000,0.000000,1.000000;;,
   1110;16;0.766044,-0.000000,0.642788,0.000000,0.642788,0.000000,-0.766044,0.000000,0.000000,1.000000,0.000000,0.000000,0.000000,6.600000,0.000000,1.000000;;,
   1120;16;0.766044,-0.000000,0.642788,0.000000,0.642788,0.000000,-0.766044,0.000000,0.000000,1.000000,0.000000,0.000000,0.000000,6.600000,0.000000,1.000000;;,
   1130;16;0.766044,-0.000000,0.642788,0.000000,0.642788,0.000000,-0.766044,0.000000,0.000000,1.000000,0.000000,0.000000,0.000000,6.600000,0.000000,1.000000;;,
   1135;16;0.766044,0.000000,0.642788,0.000000,0.642788,-0.000000,-0.766044,0.000000,-0.000000,1.000000,-0.000000,0.000000,0.000000,6.600000,0.000000,1.000000;;,
   1150;16;0.550211,0.065666,0.832439,0.000000,0.833376,0.019451,-0.552365,0.000000,-0.052463,0.997652,-0.044022,0.000000,0.000000,6.600000,0.000000,1.000000;;,
   1200;16;-0.284016,0.065666,0.956568,0.000000,0.958820,0.019451,0.283349,0.000000,-0.000000,0.997652,-0.068486,0.000000,0.000000,6.600000,0.000000,1.000000;;,
   1210;16;-0.877226,0.065666,0.475565,0.000000,0.477629,0.019451,0.878347,0.000000,0.048427,0.997652,-0.048427,0.000000,0.000000,6.600000,0.000000,1.000000;;,
