xof 0303txt 0032
AnimTicksPerSecond { 30;}

// Start of Frames


   Frame mixamorig_Hips {
      FrameTransformMatrix {
       -0.006706, -0.074559, 0.997194, 0.000000,
       -0.196525, 0.977867, 0.071792, 0.000000,
       -0.980476, -0.195493, -0.021210, 0.000000,
       0.156590, 0.081118, 0.007728, 1.000000;;
      }

      Frame mixamorig_Spine {
         FrameTransformMatrix {
          0.993733, 0.111597, -0.006319, 0.000000,
          -0.111250, 0.992954, 0.040814, 0.000000,
          0.010829, -0.039856, 0.999147, 0.000000,
          0.000000, 0.153605, -0.021017, 1.000000;;
         }

         Frame mixamorig_Spine1 {
            FrameTransformMatrix {
             0.999960, 0.008605, 0.002322, 0.000000,
             -0.008682, 0.999336, 0.035394, 0.000000,
             -0.002016, -0.035412, 0.999371, 0.000000,
             0.000000, 0.180877, 0.000000, 1.000000;;
            }

            Frame mixamorig_Spine2 {
               FrameTransformMatrix {
                0.999994, 0.002972, 0.001614, 0.000000,
                -0.003101, 0.996210, 0.086929, 0.000000,
                -0.001350, -0.086934, 0.996213, 0.000000,
                0.000000, 0.206716, 0.000000, 1.000000;;
               }

               Frame mixamorig_Neck {
                  FrameTransformMatrix {
                   0.999970, -0.005250, 0.005615, 0.000000,
                   0.004850, 0.997611, 0.068911, 0.000000,
                   -0.005963, -0.068881, 0.997607, 0.000000,
                   0.000000, 0.232555, 0.000000, 1.000000;;
                  }

                  Frame mixamorig_Head {
                     FrameTransformMatrix {
                      0.998399, -0.056531, 0.001674, 0.000000,
                      0.054764, 0.958949, -0.278240, 0.000000,
                      0.014124, 0.277887, 0.960510, 0.000000,
                      0.000000, 0.043767, 0.018368, 1.000000;;
                     }

                     Frame mixamorig_HeadTop_End {
                        FrameTransformMatrix {
                         1.000000, 0.000000, 0.000000, 0.000000,
                         0.000000, 1.000000, 0.000000, 0.000000,
                         0.000000, 0.000000, 1.000000, 0.000000,
                         0.000000, 0.384043, 0.161171, 1.000000;;
                        }

                     }
                  }
               }
               Frame mixamorig_LeftShoulder {
                  FrameTransformMatrix {
                   0.015153, 0.019322, -0.999698, 0.000000,
                   0.896480, -0.443057, 0.005025, 0.000000,
                   -0.442825, -0.896285, -0.024035, 0.000000,
                   0.100406, 0.206971, -0.003333, 1.000000;;
                  }

                  Frame mixamorig_LeftArm {
                     FrameTransformMatrix {
                      0.954971, -0.072862, -0.287615, 0.000000,
                      0.245506, 0.738389, 0.628100, 0.000000,
                      0.166607, -0.670428, 0.723028, 0.000000,
                      0.000000, 0.198920, 0.000000, 1.000000;;
                     }

                     Frame mixamorig_LeftForeArm {
                        FrameTransformMatrix {
                         0.019341, 0.990284, 0.137710, 0.000000,
                         -0.990281, 0.000000, 0.139083, 0.000000,
                         0.137732, -0.139062, 0.980659, 0.000000,
                         0.000000, 0.415564, 0.000000, 1.000000;;
                        }

                        Frame mixamorig_LeftHand {
                           FrameTransformMatrix {
                            0.973553, 0.040297, -0.224880, 0.000000,
                            -0.084879, 0.977665, -0.192269, 0.000000,
                            0.212110, 0.206272, 0.955229, 0.000000,
                            0.000000, 0.415176, 0.000000, 1.000000;;
                           }

                           Frame mixamorig_LeftHandThumb1 {
                              FrameTransformMatrix {
                               0.948579, 0.310261, -0.062735, 0.000000,
                               -0.237337, 0.828261, 0.507597, 0.000000,
                               0.209448, -0.466607, 0.859308, 0.000000,
                               -0.040539, 0.036716, 0.025800, 1.000000;;
                              }

                              Frame mixamorig_LeftHandThumb2 {
                                 FrameTransformMatrix {
                                  0.947454, -0.195504, -0.253198, 0.000000,
                                  0.157997, 0.974223, -0.161019, 0.000000,
                                  0.278151, 0.112553, 0.953920, 0.000000,
                                  -0.007307, 0.047824, 0.000000, 1.000000;;
                                 }

                                 Frame mixamorig_LeftHandThumb3 {
                                    FrameTransformMatrix {
                                     0.804309, 0.449606, -0.388511, 0.000000,
                                     -0.538454, 0.827989, -0.156532, 0.000000,
                                     0.251305, 0.335096, 0.908051, 0.000000,
                                     0.005516, 0.076228, -0.000000, 1.000000;;
                                    }

                                    Frame mixamorig_LeftHandThumb4 {
                                       FrameTransformMatrix {
                                        1.000000, 0.000000, 0.000000, 0.000000,
                                        0.000000, 1.000000, 0.000000, 0.000000,
                                        0.000000, 0.000000, 1.000000, 0.000000,
                                        0.001791, 0.077135, 0.000000, 1.000000;;
                                       }

                                    }
                                 }
                              }
                           }
                           Frame mixamorig_LeftHandIndex1 {
                              FrameTransformMatrix {
                               0.984436, -0.080008, -0.156474, 0.000000,
                               0.155836, -0.014196, 0.987681, 0.000000,
                               -0.081244, -0.996693, -0.001507, 0.000000,
                               0.000000, 0.140501, -0.000084, 1.000000;;
                              }

                              Frame mixamorig_LeftHandIndex2 {
                                 FrameTransformMatrix {
                                  0.995322, -0.075646, -0.060097, 0.000000,
                                  0.080540, 0.306124, 0.948579, 0.000000,
                                  -0.053359, -0.948982, 0.310784, 0.000000,
                                  -0.000223, 0.066571, 0.000000, 1.000000;;
                                 }

                                 Frame mixamorig_LeftHandIndex3 {
                                    FrameTransformMatrix {
                                     0.994642, -0.077425, -0.068500, 0.000000,
                                     0.073748, 0.067081, 0.995018, 0.000000,
                                     -0.072444, -0.994739, 0.072432, 0.000000,
                                     -0.000231, 0.064959, 0.000000, 1.000000;;
                                    }

                                    Frame mixamorig_LeftHandIndex4 {
                                       FrameTransformMatrix {
                                        1.000000, 0.000000, 0.000000, 0.000000,
                                        0.000000, 1.000000, 0.000000, 0.000000,
                                        0.000000, 0.000000, 1.000000, 0.000000,
                                        0.000454, 0.058898, 0.000000, 1.000000;;
                                       }

                                    }
                                 }
                              }
                           }
                        }
                     }
                  }
               }
               Frame mixamorig_RightShoulder {
                  FrameTransformMatrix {
                   0.014788, -0.020285, 0.999685, 0.000000,
                   -0.896249, -0.443531, 0.004258, 0.000000,
                   0.443305, -0.896030, -0.024740, 0.000000,
                   -0.100406, 0.207016, -0.003662, 1.000000;;
                  }

                  Frame mixamorig_RightArm {
                     FrameTransformMatrix {
                      0.898189, -0.417955, -0.136271, 0.000000,
                      0.429357, 0.767477, 0.476058, 0.000000,
                      -0.094386, -0.486099, 0.868792, 0.000000,
                      0.000000, 0.198920, 0.000000, 1.000000;;
                     }

                     Frame mixamorig_RightForeArm {
                        FrameTransformMatrix {
                         0.014366, -0.990339, -0.137923, 0.000000,
                         0.990519, -0.004752, 0.137295, 0.000000,
                         -0.136624, -0.138588, 0.980881, 0.000000,
                         -0.000000, 0.415669, -0.000000, 1.000000;;
                        }

                        Frame mixamorig_RightHand {
                           FrameTransformMatrix {
                            0.947253, -0.200064, 0.250372, 0.000000,
                            0.244380, 0.956318, -0.160421, 0.000000,
                            -0.207341, 0.213145, 0.954766, 0.000000,
                            0.000000, 0.415057, 0.000000, 1.000000;;
                           }

                           Frame mixamorig_RightHandThumb1 {
                              FrameTransformMatrix {
                               0.910506, -0.352159, 0.216711, 0.000000,
                               0.237076, 0.873993, 0.424184, 0.000000,
                               -0.338784, -0.334845, 0.879264, 0.000000,
                               0.040172, 0.040932, 0.028235, 1.000000;;
                              }

                              Frame mixamorig_RightHandThumb2 {
                                 FrameTransformMatrix {
                                  0.993527, 0.062907, 0.094585, 0.000000,
                                  -0.042329, 0.977712, -0.205639, 0.000000,
                                  -0.105413, 0.200304, 0.974047, 0.000000,
                                  0.006159, 0.050768, 0.000000, 1.000000;;
                                 }

                                 Frame mixamorig_RightHandThumb3 {
                                    FrameTransformMatrix {
                                     0.972183, -0.180783, 0.148925, 0.000000,
                                     0.221379, 0.916883, -0.332140, 0.000000,
                                     -0.076501, 0.355870, 0.931399, 0.000000,
                                     -0.004438, 0.075863, -0.000000, 1.000000;;
                                    }

                                    Frame mixamorig_RightHandThumb4 {
                                       FrameTransformMatrix {
                                        1.000000, 0.000000, 0.000000, 0.000000,
                                        0.000000, 1.000000, 0.000000, 0.000000,
                                        0.000000, 0.000000, 1.000000, 0.000000,
                                        -0.001722, 0.074414, 0.000000, 1.000000;;
                                       }

                                    }
                                 }
                              }
                           }
                           Frame mixamorig_RightHandIndex1 {
                              FrameTransformMatrix {
                               0.996022, 0.072603, -0.051657, 0.000000,
                               0.028396, 0.290882, 0.956338, 0.000000,
                               0.084459, -0.954000, 0.287663, 0.000000,
                               0.000000, 0.150021, -0.000119, 1.000000;;
                              }

                              Frame mixamorig_RightHandIndex2 {
                                 FrameTransformMatrix {
                                  0.992519, 0.094727, 0.077026, 0.000000,
                                  -0.099012, 0.255368, 0.961761, 0.000000,
                                  0.071435, -0.962192, 0.262837, 0.000000,
                                  0.000014, 0.064855, 0.000000, 1.000000;;
                                 }

                                 Frame mixamorig_RightHandIndex3 {
                                    FrameTransformMatrix {
                                     0.996753, 0.071336, 0.037356, 0.000000,
                                     -0.070950, 0.558615, 0.826387, 0.000000,
                                     0.038083, -0.826354, 0.561862, 0.000000,
                                     0.000351, 0.064581, 0.000000, 1.000000;;
                                    }

                                    Frame mixamorig_RightHandIndex4 {
                                       FrameTransformMatrix {
                                        1.000000, 0.000000, 0.000000, 0.000000,
                                        0.000000, 1.000000, 0.000000, 0.000000,
                                        0.000000, 0.000000, 1.000000, 0.000000,
                                        -0.000365, 0.057401, 0.000000, 1.000000;;
                                       }

                                    }
                                 }
                              }
                           }
                        }
                     }
                  }
               }
            }
         }
      }
      Frame mixamorig_LeftUpLeg {
         FrameTransformMatrix {
          -0.990789, -0.077549, 0.111007, 0.000000,
          0.133941, -0.681741, 0.719228, 0.000000,
          0.019902, 0.727471, 0.685848, 0.000000,
          0.158797, -0.085388, -0.013124, 1.000000;;
         }

         Frame mixamorig_LeftLeg {
            FrameTransformMatrix {
             0.995583, 0.068992, -0.063680, 0.000000,
             -0.001959, -0.662838, -0.748761, 0.000000,
             -0.093868, 0.745578, -0.659774, 0.000000,
             0.000000, 0.649435, 0.000000, 1.000000;;
            }

            Frame mixamorig_LeftFoot {
               FrameTransformMatrix {
                0.997591, -0.062516, -0.030083, 0.000000,
                0.052180, 0.390330, 0.919195, 0.000000,
                -0.045722, -0.918550, 0.392651, 0.000000,
                0.000000, 0.601215, 0.000000, 1.000000;;
               }

               Frame mixamorig_LeftToeBase {
                  FrameTransformMatrix {
                   0.998979, 0.000189, -0.045180, 0.000000,
                   0.023062, 0.857767, 0.513521, 0.000000,
                   0.038851, -0.514039, 0.856887, 0.000000,
                   0.000000, 0.288253, -0.000000, 1.000000;;
                  }

                  Frame mixamorig_LeftToe_End {
                     FrameTransformMatrix {
                      1.000000, 0.000000, 0.000000, 0.000000,
                      0.000000, 1.000000, 0.000000, 0.000000,
                      0.000000, 0.000000, 1.000000, 0.000000,
                      0.000000, 0.110688, 0.000000, 1.000000;;
                     }

                  }
               }
            }
         }
      }
      Frame mixamorig_RightUpLeg {
         FrameTransformMatrix {
          -0.979872, -0.179414, -0.087533, 0.000000,
          0.102909, -0.829706, 0.548633, 0.000000,
          -0.171060, 0.528582, 0.831469, 0.000000,
          -0.158797, -0.085388, -0.008134, 1.000000;;
         }

         Frame mixamorig_RightLeg {
            FrameTransformMatrix {
             0.999716, 0.022587, -0.007591, 0.000000,
             -0.018771, 0.550241, -0.834796, 0.000000,
             -0.014679, 0.834700, 0.550508, 0.000000,
             0.000000, 0.649663, 0.000000, 1.000000;;
            }

            Frame mixamorig_RightFoot {
               FrameTransformMatrix {
                0.991162, -0.132632, 0.002774, 0.000000,
                -0.008898, -0.045604, 0.998920, 0.000000,
                -0.132362, -0.990116, -0.046381, 0.000000,
                0.000000, 0.601429, 0.000000, 1.000000;;
               }

               Frame mixamorig_RightToeBase {
                  FrameTransformMatrix {
                   0.998939, 0.001222, 0.046042, 0.000000,
                   -0.023515, 0.873084, 0.487004, 0.000000,
                   -0.039603, -0.487569, 0.872186, 0.000000,
                   0.000000, 0.288648, 0.000000, 1.000000;;
                  }

                  Frame mixamorig_RightToe_End {
                     FrameTransformMatrix {
                      1.000000, 0.000000, 0.000000, 0.000000,
                      0.000000, 1.000000, 0.000000, 0.000000,
                      0.000000, 0.000000, 1.000000, 0.000000,
                      0.000000, 0.109135, 0.000000, 1.000000;;
                     }

                  }
               }
            }
         }
      }
   }

Mesh skinnedMesh {
 15786;
0.081632;0.548293;-0.519042;,
0.089243;0.545606;-0.456363;,
0.015362;0.543517;-0.496359;,
0.089243;0.545606;-0.456363;,
0.022971;0.550084;-0.433381;,
0.015362;0.543517;-0.496359;,
0.015362;0.543517;-0.496359;,
0.022971;0.550084;-0.433381;,
-0.033018;0.565604;-0.479047;,
0.022971;0.550084;-0.433381;,
-0.026825;0.570977;-0.437261;,
-0.033018;0.565604;-0.479047;,
-0.033018;0.565604;-0.479047;,
-0.026825;0.570977;-0.437261;,
-0.058277;0.599331;-0.465019;,
-0.026825;0.570977;-0.437261;,
-0.022609;0.559933;-0.373090;,
-0.058277;0.599331;-0.465019;,
-0.058277;0.599331;-0.465019;,
-0.022609;0.559933;-0.373090;,
-0.048017;0.601719;-0.404728;,
-0.022609;0.559933;-0.373090;,
-0.051263;0.589183;-0.361151;,
-0.048017;0.601719;-0.404728;,
-0.048017;0.601719;-0.404728;,
-0.051263;0.589183;-0.361151;,
-0.049882;0.632163;-0.407713;,
-0.051263;0.589183;-0.361151;,
-0.061709;0.618732;-0.348615;,
-0.049882;0.632163;-0.407713;,
-0.049882;0.632163;-0.407713;,
-0.061709;0.618732;-0.348615;,
-0.040667;0.665891;-0.414577;,
-0.061709;0.618732;-0.348615;,
-0.045592;0.668875;-0.379955;,
-0.040667;0.665891;-0.414577;,
-0.040667;0.665891;-0.414577;,
-0.045592;0.668875;-0.379955;,
0.002089;0.714243;-0.418159;,
-0.045592;0.668875;-0.379955;,
-0.001287;0.717825;-0.370105;,
0.002089;0.714243;-0.418159;,
0.002089;0.714243;-0.418159;,
-0.001287;0.717825;-0.370105;,
0.038363;0.735136;-0.393386;,
-0.001287;0.717825;-0.370105;,
0.011333;0.726480;-0.331304;,
0.038363;0.735136;-0.393386;,
0.038363;0.735136;-0.393386;,
0.011333;0.726480;-0.331304;,
0.045424;0.734539;-0.339661;,
0.011333;0.726480;-0.331304;,
0.041254;0.726480;-0.297278;,
0.045424;0.734539;-0.339661;,
0.045424;0.734539;-0.339661;,
0.041254;0.726480;-0.297278;,
0.091668;0.732450;-0.356077;,
0.041254;0.726480;-0.297278;,
0.084094;0.728570;-0.303247;,
0.091668;0.732450;-0.356077;,
0.091668;0.732450;-0.356077;,
0.084094;0.728570;-0.303247;,
0.143640;0.713945;-0.347421;,
0.084094;0.728570;-0.303247;,
0.127522;0.721406;-0.304740;,
0.143640;0.713945;-0.347421;,
0.143640;0.713945;-0.347421;,
0.127522;0.721406;-0.304740;,
0.163563;0.700215;-0.309515;,
0.127522;0.721406;-0.304740;,
0.122747;0.716929;-0.263252;,
0.163563;0.700215;-0.309515;,
0.163563;0.700215;-0.309515;,
0.122747;0.716929;-0.263252;,
0.159384;0.693350;-0.261312;,
0.081632;0.548293;0.519042;,
0.015362;0.543517;0.496359;,
0.089243;0.545606;0.456363;,
0.089243;0.545606;0.456363;,
0.015362;0.543517;0.496359;,
0.022971;0.550084;0.433381;,
0.015362;0.543517;0.496359;,
-0.033018;0.565604;0.479047;,
0.022971;0.550084;0.433381;,
0.022971;0.550084;0.433381;,
-0.033018;0.565604;0.479047;,
-0.026825;0.570977;0.437261;,
-0.033018;0.565604;0.479047;,
-0.058277;0.599331;0.465019;,
-0.026825;0.570977;0.437261;,
-0.026825;0.570977;0.437261;,
-0.058277;0.599331;0.465019;,
-0.022609;0.559933;0.373090;,
-0.058277;0.599331;0.465019;,
-0.048017;0.601719;0.404728;,
-0.022609;0.559933;0.373090;,
-0.022609;0.559933;0.373090;,
-0.048017;0.601719;0.404728;,
-0.051263;0.589183;0.361151;,
-0.048017;0.601719;0.404728;,
-0.049882;0.632163;0.407713;,
-0.051263;0.589183;0.361151;,
-0.051263;0.589183;0.361151;,
-0.049882;0.632163;0.407713;,
-0.061709;0.618732;0.348615;,
-0.049882;0.632163;0.407713;,
-0.040667;0.665891;0.414577;,
-0.061709;0.618732;0.348615;,
-0.061709;0.618732;0.348615;,
-0.040667;0.665891;0.414577;,
-0.045592;0.668875;0.379955;,
-0.040667;0.665891;0.414577;,
0.002089;0.714243;0.418159;,
-0.045592;0.668875;0.379955;,
-0.045592;0.668875;0.379955;,
0.002089;0.714243;0.418159;,
-0.001287;0.717825;0.370105;,
0.002089;0.714243;0.418159;,
0.038363;0.735136;0.393386;,
-0.001287;0.717825;0.370105;,
-0.001287;0.717825;0.370105;,
0.038363;0.735136;0.393386;,
0.011333;0.726480;0.331304;,
0.038363;0.735136;0.393386;,
0.045424;0.734539;0.339661;,
0.011333;0.726480;0.331304;,
0.011333;0.726480;0.331304;,
0.045424;0.734539;0.339661;,
0.041254;0.726480;0.297278;,
0.045424;0.734539;0.339661;,
0.091668;0.732450;0.356077;,
0.041254;0.726480;0.297278;,
0.041254;0.726480;0.297278;,
0.091668;0.732450;0.356077;,
0.084094;0.728570;0.303247;,
0.091668;0.732450;0.356077;,
0.143640;0.713945;0.347421;,
0.084094;0.728570;0.303247;,
0.084094;0.728570;0.303247;,
0.143640;0.713945;0.347421;,
0.127522;0.721406;0.304740;,
0.143640;0.713945;0.347421;,
0.163563;0.700215;0.309515;,
0.127522;0.721406;0.304740;,
0.127522;0.721406;0.304740;,
0.163563;0.700215;0.309515;,
0.122747;0.716929;0.263252;,
0.163563;0.700215;0.309515;,
0.159384;0.693350;0.261312;,
0.122747;0.716929;0.263252;,
0.009066;0.715437;-0.288473;,
0.011333;0.726480;-0.331304;,
-0.019177;0.690365;-0.288622;,
0.011333;0.726480;-0.331304;,
-0.012312;0.708871;-0.331005;,
-0.019177;0.690365;-0.288622;,
-0.019177;0.690365;-0.288622;,
-0.012312;0.708871;-0.331005;,
-0.049173;0.648281;-0.290712;,
-0.012312;0.708871;-0.331005;,
-0.047644;0.664697;-0.334587;,
-0.049173;0.648281;-0.290712;,
-0.049173;0.648281;-0.290712;,
-0.047644;0.664697;-0.334587;,
-0.070216;0.605898;-0.289816;,
-0.047644;0.664697;-0.334587;,
-0.061709;0.618732;-0.348615;,
-0.070216;0.605898;-0.289816;,
0.122747;0.716929;-0.263252;,
0.127522;0.721406;-0.304740;,
0.077043;0.722302;-0.263103;,
0.127522;0.721406;-0.304740;,
0.084094;0.728570;-0.303247;,
0.077043;0.722302;-0.263103;,
0.077043;0.722302;-0.263103;,
0.084094;0.728570;-0.303247;,
0.037971;0.715138;-0.261461;,
0.084094;0.728570;-0.303247;,
0.041254;0.726480;-0.297278;,
0.037971;0.715138;-0.261461;,
0.037971;0.715138;-0.261461;,
0.041254;0.726480;-0.297278;,
0.010213;0.702006;-0.259074;,
0.041254;0.726480;-0.297278;,
0.009066;0.715437;-0.288473;,
0.010213;0.702006;-0.259074;,
0.010213;0.702006;-0.259074;,
0.009066;0.715437;-0.288473;,
-0.018990;0.676337;-0.257432;,
0.009066;0.715437;-0.288473;,
-0.019177;0.690365;-0.288622;,
-0.018990;0.676337;-0.257432;,
-0.018990;0.676337;-0.257432;,
-0.019177;0.690365;-0.288622;,
-0.040667;0.636043;-0.258327;,
-0.019177;0.690365;-0.288622;,
-0.049173;0.648281;-0.290712;,
-0.040667;0.636043;-0.258327;,
-0.040667;0.636043;-0.258327;,
-0.049173;0.648281;-0.290712;,
-0.068723;0.595451;-0.264148;,
-0.049173;0.648281;-0.290712;,
-0.070216;0.605898;-0.289816;,
-0.068723;0.595451;-0.264148;,
-0.068723;0.595451;-0.264148;,
-0.070216;0.605898;-0.289816;,
-0.074170;0.558441;-0.270117;,
-0.070216;0.605898;-0.289816;,
-0.066485;0.567096;-0.293547;,
-0.074170;0.558441;-0.270117;,
-0.074170;0.558441;-0.270117;,
-0.066485;0.567096;-0.293547;,
-0.052755;0.516655;-0.281907;,
-0.066485;0.567096;-0.293547;,
-0.019177;0.527997;-0.296084;,
-0.052755;0.516655;-0.281907;,
-0.052755;0.516655;-0.281907;,
-0.019177;0.527997;-0.296084;,
-0.005447;0.499194;-0.281459;,
-0.019177;0.527997;-0.296084;,
0.036348;0.508297;-0.295338;,
-0.005447;0.499194;-0.281459;,
-0.005447;0.499194;-0.281459;,
0.036348;0.508297;-0.295338;,
0.039361;0.490688;-0.279967;,
0.036348;0.508297;-0.295338;,
0.075849;0.486061;-0.277280;,
0.039361;0.490688;-0.279967;,
0.121254;0.704692;-0.450096;,
0.140655;0.708572;-0.405026;,
0.150355;0.650967;-0.462930;,
0.150355;0.650967;-0.462930;,
0.140655;0.708572;-0.405026;,
0.178262;0.649773;-0.415771;,
0.140655;0.708572;-0.405026;,
0.188037;0.656936;-0.370702;,
0.178262;0.649773;-0.415771;,
0.178262;0.649773;-0.415771;,
0.188037;0.656936;-0.370702;,
0.180874;0.609181;-0.421144;,
0.188037;0.656936;-0.370702;,
0.195499;0.610673;-0.373985;,
0.180874;0.609181;-0.421144;,
0.180874;0.609181;-0.421144;,
0.195499;0.610673;-0.373985;,
0.168860;0.573663;-0.392490;,
0.195499;0.610673;-0.373985;,
0.190127;0.573066;-0.358166;,
0.168860;0.573663;-0.392490;,
0.168860;0.573663;-0.392490;,
0.190127;0.573066;-0.358166;,
0.151325;0.546203;-0.393087;,
0.190127;0.573066;-0.358166;,
0.157966;0.520535;-0.316679;,
0.151325;0.546203;-0.393087;,
0.151325;0.546203;-0.393087;,
0.157966;0.520535;-0.316679;,
0.095847;0.528594;-0.381149;,
0.157966;0.520535;-0.316679;,
0.099391;0.507253;-0.314589;,
0.095847;0.528594;-0.381149;,
-0.058277;0.599331;-0.465019;,
-0.048017;0.601719;-0.404728;,
-0.067455;0.639625;-0.461736;,
-0.048017;0.601719;-0.404728;,
-0.049882;0.632163;-0.407713;,
-0.067455;0.639625;-0.461736;,
-0.067455;0.639625;-0.461736;,
-0.049882;0.632163;-0.407713;,
-0.041898;0.677233;-0.459348;,
-0.049882;0.632163;-0.407713;,
-0.040667;0.665891;-0.414577;,
-0.041898;0.677233;-0.459348;,
-0.041898;0.677233;-0.459348;,
-0.040667;0.665891;-0.414577;,
0.006436;0.710661;-0.448902;,
-0.040667;0.665891;-0.414577;,
0.002089;0.714243;-0.418159;,
0.006436;0.710661;-0.448902;,
0.006436;0.710661;-0.448902;,
0.002089;0.714243;-0.418159;,
0.048278;0.725287;-0.445618;,
0.002089;0.714243;-0.418159;,
0.038363;0.735136;-0.393386;,
0.048278;0.725287;-0.445618;,
0.048278;0.725287;-0.445618;,
0.038363;0.735136;-0.393386;,
0.080550;0.728271;-0.412488;,
0.038363;0.735136;-0.393386;,
0.091668;0.732450;-0.356077;,
0.080550;0.728271;-0.412488;,
0.080550;0.728271;-0.412488;,
0.091668;0.732450;-0.356077;,
0.140655;0.708572;-0.405026;,
0.091668;0.732450;-0.356077;,
0.143640;0.713945;-0.347421;,
0.140655;0.708572;-0.405026;,
0.140655;0.708572;-0.405026;,
0.143640;0.713945;-0.347421;,
0.188037;0.656936;-0.370702;,
0.143640;0.713945;-0.347421;,
0.163563;0.700215;-0.309515;,
0.188037;0.656936;-0.370702;,
0.188037;0.656936;-0.370702;,
0.163563;0.700215;-0.309515;,
0.187888;0.657832;-0.313992;,
0.163563;0.700215;-0.309515;,
0.159384;0.693350;-0.261312;,
0.187888;0.657832;-0.313992;,
0.187888;0.657832;-0.313992;,
0.159384;0.693350;-0.261312;,
0.185500;0.652161;-0.261611;,
0.089243;0.545606;0.456363;,
0.022971;0.550084;0.433381;,
0.095847;0.528594;0.381149;,
0.022971;0.550084;0.433381;,
0.030348;0.539339;0.370105;,
0.095847;0.528594;0.381149;,
0.095847;0.528594;0.381149;,
0.030348;0.539339;0.370105;,
0.034907;0.525907;0.320260;,
0.030348;0.539339;0.370105;,
-0.022609;0.559933;0.373090;,
0.034907;0.525907;0.320260;,
0.034907;0.525907;0.320260;,
-0.022609;0.559933;0.373090;,
-0.019662;0.547099;0.322350;,
-0.022609;0.559933;0.373090;,
-0.051263;0.589183;0.361151;,
-0.019662;0.547099;0.322350;,
-0.019662;0.547099;0.322350;,
-0.051263;0.589183;0.361151;,
-0.061933;0.580826;0.326827;,
-0.051263;0.589183;0.361151;,
-0.061709;0.618732;0.348615;,
-0.061933;0.580826;0.326827;,
-0.061933;0.580826;0.326827;,
-0.061709;0.618732;0.348615;,
-0.066485;0.567096;0.293547;,
-0.061709;0.618732;0.348615;,
-0.070216;0.605898;0.289816;,
-0.066485;0.567096;0.293547;,
-0.066485;0.567096;0.293547;,
-0.070216;0.605898;0.289816;,
-0.074170;0.558441;0.270117;,
-0.070216;0.605898;0.289816;,
-0.068723;0.595451;0.264148;,
-0.074170;0.558441;0.270117;,
-0.058277;0.599331;0.465019;,
-0.067455;0.639625;0.461736;,
-0.048017;0.601719;0.404728;,
-0.048017;0.601719;0.404728;,
-0.067455;0.639625;0.461736;,
-0.049882;0.632163;0.407713;,
-0.067455;0.639625;0.461736;,
-0.041898;0.677233;0.459348;,
-0.049882;0.632163;0.407713;,
-0.049882;0.632163;0.407713;,
-0.041898;0.677233;0.459348;,
-0.040667;0.665891;0.414577;,
-0.041898;0.677233;0.459348;,
0.006436;0.710661;0.448902;,
-0.040667;0.665891;0.414577;,
-0.040667;0.665891;0.414577;,
0.006436;0.710661;0.448902;,
0.002089;0.714243;0.418159;,
0.006436;0.710661;0.448902;,
0.048278;0.725287;0.445618;,
0.002089;0.714243;0.418159;,
0.002089;0.714243;0.418159;,
0.048278;0.725287;0.445618;,
0.038363;0.735136;0.393386;,
0.048278;0.725287;0.445618;,
0.080550;0.728271;0.412488;,
0.038363;0.735136;0.393386;,
0.038363;0.735136;0.393386;,
0.080550;0.728271;0.412488;,
0.091668;0.732450;0.356077;,
0.080550;0.728271;0.412488;,
0.140655;0.708572;0.405026;,
0.091668;0.732450;0.356077;,
0.091668;0.732450;0.356077;,
0.140655;0.708572;0.405026;,
0.143640;0.713945;0.347421;,
0.140655;0.708572;0.405026;,
0.188037;0.656936;0.370702;,
0.143640;0.713945;0.347421;,
0.143640;0.713945;0.347421;,
0.188037;0.656936;0.370702;,
0.163563;0.700215;0.309515;,
0.188037;0.656936;0.370702;,
0.187888;0.657832;0.313992;,
0.163563;0.700215;0.309515;,
0.163563;0.700215;0.309515;,
0.187888;0.657832;0.313992;,
0.159384;0.693350;0.261312;,
0.187888;0.657832;0.313992;,
0.185500;0.652161;0.261611;,
0.159384;0.693350;0.261312;,
0.121254;0.704692;0.450096;,
0.150355;0.650967;0.462930;,
0.140655;0.708572;0.405026;,
0.150355;0.650967;0.462930;,
0.178262;0.649773;0.415771;,
0.140655;0.708572;0.405026;,
0.140655;0.708572;0.405026;,
0.178262;0.649773;0.415771;,
0.188037;0.656936;0.370702;,
0.178262;0.649773;0.415771;,
0.180874;0.609181;0.421144;,
0.188037;0.656936;0.370702;,
0.188037;0.656936;0.370702;,
0.180874;0.609181;0.421144;,
0.195499;0.610673;0.373985;,
0.180874;0.609181;0.421144;,
0.168860;0.573663;0.392490;,
0.195499;0.610673;0.373985;,
0.195499;0.610673;0.373985;,
0.168860;0.573663;0.392490;,
0.190127;0.573066;0.358166;,
0.168860;0.573663;0.392490;,
0.151325;0.546203;0.393087;,
0.190127;0.573066;0.358166;,
0.190127;0.573066;0.358166;,
0.151325;0.546203;0.393087;,
0.157966;0.520535;0.316679;,
0.151325;0.546203;0.393087;,
0.095847;0.528594;0.381149;,
0.157966;0.520535;0.316679;,
0.157966;0.520535;0.316679;,
0.095847;0.528594;0.381149;,
0.099391;0.507253;0.314589;,
0.037971;0.715138;0.261461;,
0.010213;0.702006;0.259074;,
0.041254;0.726480;0.297278;,
0.041254;0.726480;0.297278;,
0.010213;0.702006;0.259074;,
0.009066;0.715437;0.288473;,
0.010213;0.702006;0.259074;,
-0.018990;0.676337;0.257432;,
0.009066;0.715437;0.288473;,
0.009066;0.715437;0.288473;,
-0.018990;0.676337;0.257432;,
-0.019177;0.690365;0.288622;,
-0.018990;0.676337;0.257432;,
-0.040667;0.636043;0.258327;,
-0.019177;0.690365;0.288622;,
-0.019177;0.690365;0.288622;,
-0.040667;0.636043;0.258327;,
-0.049173;0.648281;0.290712;,
-0.040667;0.636043;0.258327;,
-0.068723;0.595451;0.264148;,
-0.049173;0.648281;0.290712;,
-0.049173;0.648281;0.290712;,
-0.068723;0.595451;0.264148;,
-0.070216;0.605898;0.289816;,
0.030348;0.539339;-0.370105;,
0.034907;0.525907;-0.320260;,
-0.022609;0.559933;-0.373090;,
0.034907;0.525907;-0.320260;,
-0.019662;0.547099;-0.322350;,
-0.022609;0.559933;-0.373090;,
-0.022609;0.559933;-0.373090;,
-0.019662;0.547099;-0.322350;,
-0.051263;0.589183;-0.361151;,
-0.019662;0.547099;-0.322350;,
-0.061933;0.580826;-0.326827;,
-0.051263;0.589183;-0.361151;,
-0.051263;0.589183;-0.361151;,
-0.061933;0.580826;-0.326827;,
-0.061709;0.618732;-0.348615;,
-0.061933;0.580826;-0.326827;,
-0.066485;0.567096;-0.293547;,
-0.061709;0.618732;-0.348615;,
-0.061709;0.618732;-0.348615;,
-0.066485;0.567096;-0.293547;,
-0.070216;0.605898;-0.289816;,
0.188037;0.656936;-0.370702;,
0.187888;0.657832;-0.313992;,
0.195499;0.610673;-0.373985;,
0.187888;0.657832;-0.313992;,
0.203409;0.610076;-0.325633;,
0.195499;0.610673;-0.373985;,
0.195499;0.610673;-0.373985;,
0.203409;0.610076;-0.325633;,
0.190127;0.573066;-0.358166;,
0.203409;0.610076;-0.325633;,
0.201021;0.573066;-0.315186;,
0.190127;0.573066;-0.358166;,
0.190127;0.573066;-0.358166;,
0.201021;0.573066;-0.315186;,
0.187590;0.534563;-0.305187;,
0.201021;0.573066;-0.315186;,
0.205498;0.541129;-0.270714;,
0.187590;0.534563;-0.305187;,
0.187590;0.534563;-0.305187;,
0.205498;0.541129;-0.270714;,
0.191320;0.511879;-0.274594;,
0.203409;0.610076;-0.325633;,
0.201468;0.607987;-0.264595;,
0.201021;0.573066;-0.315186;,
0.201468;0.607987;-0.264595;,
0.206244;0.571275;-0.267729;,
0.201021;0.573066;-0.315186;,
0.201021;0.573066;-0.315186;,
0.206244;0.571275;-0.267729;,
0.205498;0.541129;-0.270714;,
0.041254;0.726480;0.297278;,
0.009066;0.715437;0.288473;,
0.011333;0.726480;0.331304;,
0.009066;0.715437;0.288473;,
-0.019177;0.690365;0.288622;,
0.011333;0.726480;0.331304;,
0.011333;0.726480;0.331304;,
-0.019177;0.690365;0.288622;,
-0.012312;0.708871;0.331005;,
-0.019177;0.690365;0.288622;,
-0.049173;0.648281;0.290712;,
-0.012312;0.708871;0.331005;,
-0.012312;0.708871;0.331005;,
-0.049173;0.648281;0.290712;,
-0.047644;0.664697;0.334587;,
-0.049173;0.648281;0.290712;,
-0.070216;0.605898;0.289816;,
-0.047644;0.664697;0.334587;,
-0.047644;0.664697;0.334587;,
-0.070216;0.605898;0.289816;,
-0.061709;0.618732;0.348615;,
0.188037;0.656936;0.370702;,
0.195499;0.610673;0.373985;,
0.187888;0.657832;0.313992;,
0.187888;0.657832;0.313992;,
0.195499;0.610673;0.373985;,
0.203409;0.610076;0.325633;,
0.195499;0.610673;0.373985;,
0.190127;0.573066;0.358166;,
0.203409;0.610076;0.325633;,
0.203409;0.610076;0.325633;,
0.190127;0.573066;0.358166;,
0.201021;0.573066;0.315186;,
0.190127;0.573066;0.358166;,
0.187590;0.534563;0.305187;,
0.201021;0.573066;0.315186;,
0.201021;0.573066;0.315186;,
0.187590;0.534563;0.305187;,
0.205498;0.541129;0.270714;,
0.187590;0.534563;0.305187;,
0.191320;0.511879;0.274594;,
0.205498;0.541129;0.270714;,
0.095847;0.528594;0.381149;,
0.034907;0.525907;0.320260;,
0.099391;0.507253;0.314589;,
0.099391;0.507253;0.314589;,
0.034907;0.525907;0.320260;,
0.036348;0.508297;0.295338;,
0.034907;0.525907;0.320260;,
-0.019662;0.547099;0.322350;,
0.036348;0.508297;0.295338;,
0.036348;0.508297;0.295338;,
-0.019662;0.547099;0.322350;,
-0.019177;0.527997;0.296084;,
-0.019662;0.547099;0.322350;,
-0.061933;0.580826;0.326827;,
-0.019177;0.527997;0.296084;,
-0.019177;0.527997;0.296084;,
-0.061933;0.580826;0.326827;,
-0.066485;0.567096;0.293547;,
0.150355;0.650967;-0.462930;,
0.178262;0.649773;-0.415771;,
0.154086;0.610673;-0.481137;,
0.178262;0.649773;-0.415771;,
0.180874;0.609181;-0.421144;,
0.154086;0.610673;-0.481137;,
0.154086;0.610673;-0.481137;,
0.180874;0.609181;-0.421144;,
0.152221;0.572469;-0.443828;,
0.180874;0.609181;-0.421144;,
0.168860;0.573663;-0.392490;,
0.152221;0.572469;-0.443828;,
0.152221;0.572469;-0.443828;,
0.168860;0.573663;-0.392490;,
0.151325;0.546203;-0.393087;,
0.099391;0.507253;0.314589;,
0.036348;0.508297;0.295338;,
0.075849;0.486061;0.277280;,
0.075849;0.486061;0.277280;,
0.036348;0.508297;0.295338;,
0.039361;0.490688;0.279967;,
0.036348;0.508297;0.295338;,
-0.019177;0.527997;0.296084;,
0.039361;0.490688;0.279967;,
0.039361;0.490688;0.279967;,
-0.019177;0.527997;0.296084;,
-0.005447;0.499194;0.281459;,
-0.019177;0.527997;0.296084;,
-0.052755;0.516655;0.281907;,
-0.005447;0.499194;0.281459;,
0.187888;0.657832;0.313992;,
0.203409;0.610076;0.325633;,
0.185500;0.652161;0.261611;,
0.185500;0.652161;0.261611;,
0.203409;0.610076;0.325633;,
0.201468;0.607987;0.264595;,
0.203409;0.610076;0.325633;,
0.201021;0.573066;0.315186;,
0.201468;0.607987;0.264595;,
0.201468;0.607987;0.264595;,
0.201021;0.573066;0.315186;,
0.206244;0.571275;0.267729;,
0.201021;0.573066;0.315186;,
0.205498;0.541129;0.270714;,
0.206244;0.571275;0.267729;,
0.075849;0.486061;0.277280;,
0.120060;0.485464;0.275340;,
0.099391;0.507253;0.314589;,
0.120060;0.485464;0.275340;,
0.166771;0.492478;0.274594;,
0.099391;0.507253;0.314589;,
0.099391;0.507253;0.314589;,
0.166771;0.492478;0.274594;,
0.157966;0.520535;0.316679;,
0.166771;0.492478;0.274594;,
0.191320;0.511879;0.274594;,
0.157966;0.520535;0.316679;,
0.157966;0.520535;0.316679;,
0.191320;0.511879;0.274594;,
0.187590;0.534563;0.305187;,
0.089243;0.545606;-0.456363;,
0.095847;0.528594;-0.381149;,
0.022971;0.550084;-0.433381;,
0.095847;0.528594;-0.381149;,
0.030348;0.539339;-0.370105;,
0.022971;0.550084;-0.433381;,
0.022971;0.550084;-0.433381;,
0.030348;0.539339;-0.370105;,
-0.026825;0.570977;-0.437261;,
0.030348;0.539339;-0.370105;,
-0.022609;0.559933;-0.373090;,
-0.026825;0.570977;-0.437261;,
0.095847;0.528594;-0.381149;,
0.089243;0.545606;-0.456363;,
0.151325;0.546203;-0.393087;,
0.151325;0.546203;-0.393087;,
0.089243;0.545606;-0.456363;,
0.152221;0.572469;-0.443828;,
0.089243;0.545606;-0.456363;,
0.081632;0.548293;-0.519042;,
0.152221;0.572469;-0.443828;,
0.075849;0.486061;-0.277280;,
0.036348;0.508297;-0.295338;,
0.099391;0.507253;-0.314589;,
0.036348;0.508297;-0.295338;,
0.034907;0.525907;-0.320260;,
0.099391;0.507253;-0.314589;,
0.099391;0.507253;-0.314589;,
0.034907;0.525907;-0.320260;,
0.095847;0.528594;-0.381149;,
0.034907;0.525907;-0.320260;,
0.030348;0.539339;-0.370105;,
0.095847;0.528594;-0.381149;,
0.120060;0.485464;-0.275340;,
0.099391;0.507253;-0.314589;,
0.166771;0.492478;-0.274594;,
0.099391;0.507253;-0.314589;,
0.157966;0.520535;-0.316679;,
0.166771;0.492478;-0.274594;,
0.166771;0.492478;-0.274594;,
0.157966;0.520535;-0.316679;,
0.191320;0.511879;-0.274594;,
0.157966;0.520535;-0.316679;,
0.187590;0.534563;-0.305187;,
0.191320;0.511879;-0.274594;,
0.011333;0.726480;0.331304;,
-0.012312;0.708871;0.331005;,
-0.001287;0.717825;0.370105;,
-0.012312;0.708871;0.331005;,
-0.047644;0.664697;0.334587;,
-0.001287;0.717825;0.370105;,
-0.001287;0.717825;0.370105;,
-0.047644;0.664697;0.334587;,
-0.045592;0.668875;0.379955;,
-0.047644;0.664697;0.334587;,
-0.061709;0.618732;0.348615;,
-0.045592;0.668875;0.379955;,
0.097264;0.716631;-0.523221;,
0.048278;0.725287;-0.445618;,
0.121254;0.704692;-0.450096;,
0.048278;0.725287;-0.445618;,
0.080550;0.728271;-0.412488;,
0.121254;0.704692;-0.450096;,
0.121254;0.704692;-0.450096;,
0.080550;0.728271;-0.412488;,
0.140655;0.708572;-0.405026;,
-0.012312;0.708871;-0.331005;,
-0.001287;0.717825;-0.370105;,
-0.047644;0.664697;-0.334587;,
-0.001287;0.717825;-0.370105;,
-0.045592;0.668875;-0.379955;,
-0.047644;0.664697;-0.334587;,
-0.047644;0.664697;-0.334587;,
-0.045592;0.668875;-0.379955;,
-0.061709;0.618732;-0.348615;,
0.045424;0.734539;-0.339661;,
0.091668;0.732450;-0.356077;,
0.038363;0.735136;-0.393386;,
0.089243;0.545606;0.456363;,
0.151325;0.546203;0.393087;,
0.152221;0.572469;0.443828;,
0.151325;0.546203;0.393087;,
0.168860;0.573663;0.392490;,
0.152221;0.572469;0.443828;,
0.152221;0.572469;0.443828;,
0.168860;0.573663;0.392490;,
0.180874;0.609181;0.421144;,
0.097264;0.716631;0.523221;,
0.121254;0.704692;0.450096;,
0.048278;0.725287;0.445618;,
0.048278;0.725287;0.445618;,
0.121254;0.704692;0.450096;,
0.080550;0.728271;0.412488;,
0.121254;0.704692;0.450096;,
0.140655;0.708572;0.405026;,
0.080550;0.728271;0.412488;,
0.187888;0.657832;-0.313992;,
0.185500;0.652161;-0.261611;,
0.203409;0.610076;-0.325633;,
0.203409;0.610076;-0.325633;,
0.185500;0.652161;-0.261611;,
0.201468;0.607987;-0.264595;,
0.036348;0.508297;-0.295338;,
-0.019177;0.527997;-0.296084;,
0.034907;0.525907;-0.320260;,
-0.019177;0.527997;-0.296084;,
-0.019662;0.547099;-0.322350;,
0.034907;0.525907;-0.320260;,
-0.019662;0.547099;-0.322350;,
-0.019177;0.527997;-0.296084;,
-0.061933;0.580826;-0.326827;,
-0.019177;0.527997;-0.296084;,
-0.066485;0.567096;-0.293547;,
-0.061933;0.580826;-0.326827;,
0.150355;0.650967;0.462930;,
0.154086;0.610673;0.481137;,
0.178262;0.649773;0.415771;,
0.154086;0.610673;0.481137;,
0.180874;0.609181;0.421144;,
0.178262;0.649773;0.415771;,
0.122747;0.716929;0.263252;,
0.077043;0.722302;0.263103;,
0.127522;0.721406;0.304740;,
0.077043;0.722302;0.263103;,
0.084094;0.728570;0.303247;,
0.127522;0.721406;0.304740;,
0.077043;0.722302;0.263103;,
0.037971;0.715138;0.261461;,
0.084094;0.728570;0.303247;,
0.037971;0.715138;0.261461;,
0.041254;0.726480;0.297278;,
0.084094;0.728570;0.303247;,
-0.066485;0.567096;0.293547;,
-0.074170;0.558441;0.270117;,
-0.019177;0.527997;0.296084;,
-0.074170;0.558441;0.270117;,
-0.052755;0.516655;0.281907;,
-0.019177;0.527997;0.296084;,
0.011333;0.726480;-0.331304;,
0.009066;0.715437;-0.288473;,
0.041254;0.726480;-0.297278;,
-0.001287;0.717825;-0.370105;,
